0.0000	1.3890	26.5885	-12.8306	1.0847	10.1736	1248.3400	634.3675	1.8914	2.0347	0.1228	868.9917
10.0000	-0.6731	-18.0530	-81.1841	-0.2359	10.8861	1245.0480	617.9136	2.0235	2.1772	0.1317	816.0904
20.0000	-0.1575	-6.3999	-78.7037	-0.0903	11.6173	1242.9093	602.3912	2.1592	2.3235	0.1408	816.4034
30.0000	-0.2756	-8.5825	-82.1229	-0.1330	12.4158	1241.3633	586.3123	2.3074	2.4832	0.1507	815.9769
40.0000	-0.0844	-4.3562	-94.1467	-0.0644	13.2292	1240.5368	570.7808	2.4584	2.6458	0.1606	814.7232
50.0000	-0.5384	-13.1152	-117.9620	-0.2271	14.1288	1240.0146	554.0476	2.6255	2.8258	0.1716	812.9944
60.0000	-0.4105	-10.1480	-205.3483	-0.1918	15.1225	1240.0424	536.2778	2.8102	3.0245	0.1837	810.0862
70.0000	-2.9018	-56.1907	-992.4528	-0.7142	16.1803	1240.4213	517.7861	3.0068	3.2361	0.1965	806.9727
80.0000	1.0635	17.3597	353.3663	0.7950	17.3829	1242.2531	498.5045	3.2306	3.4766	0.2108	803.8790
90.0000	0.4476	6.1983	156.6428	0.2435	18.5599	1245.8341	481.9191	3.4501	3.7120	0.2245	801.0139
100.0000	0.0667	-0.3014	110.3981	0.0117	19.8469	1250.3692	464.6904	3.6903	3.9694	0.2392	798.8581
110.0000	-0.2018	-4.5243	89.0549	-0.1279	21.1923	1255.9668	447.9287	3.9417	4.2385	0.2544	797.1080
120.0000	0.0525	-0.2021	75.4869	0.0073	22.5843	1262.2701	431.4445	4.2020	4.5169	0.2698	795.4809
130.0000	-0.2776	-5.0833	66.6110	-0.1720	23.9440	1269.3463	416.7487	4.4568	4.7888	0.2846	794.0579
140.0000	0.1703	1.8363	58.8866	0.0857	25.3953	1277.3225	401.8689	4.7289	5.0791	0.3001	792.4703
150.0000	0.3915	5.0757	52.5641	0.2481	26.7864	1285.7613	388.9169	4.9902	5.3573	0.3146	790.8237
160.0000	0.2563	3.1845	47.5074	0.1525	28.2226	1294.8735	376.3555	5.2603	5.6445	0.3293	789.1912
170.0000	0.1805	2.2055	43.0415	0.1019	29.6321	1303.6901	364.1302	5.5256	5.9264	0.3436	787.4305
180.0000	-0.1265	-1.7462	39.0643	-0.0997	31.0186	1313.2533	353.5865	5.7870	6.2037	0.3572	785.5236
190.0000	0.1061	1.3740	35.2091	0.0539	32.3832	1322.6814	343.4973	6.0445	6.4766	0.3704	783.2640
200.0000	0.4015	5.1165	31.9270	0.2817	33.7121	1332.0648	334.2001	6.2955	6.7424	0.3831	780.9103
210.0000	0.2180	2.8714	29.1500	0.1398	34.9651	1341.4491	326.4132	6.5325	6.9930	0.3947	778.5048
220.0000	0.0496	0.9086	26.5869	0.0176	36.2819	1350.7606	317.6897	6.7816	7.2564	0.4070	775.8386
230.0000	0.2633	3.4669	24.3469	0.1801	37.5586	1360.1315	309.9429	7.0234	7.5117	0.4186	773.0489
240.0000	0.1805	2.5428	22.4414	0.1174	38.7580	1368.8031	302.6734	7.2507	7.7516	0.4294	770.2374
250.0000	0.1623	2.3726	20.8050	0.1050	39.9420	1377.8129	296.3305	7.4753	7.9884	0.4398	767.4119
260.0000	0.1803	2.6054	19.3385	0.1205	41.1124	1386.6862	290.1959	7.6975	8.2225	0.4500	764.4736
270.0000	0.0331	1.0426	18.0730	0.0087	42.2472	1395.2367	284.3421	7.9131	8.4494	0.4597	761.5545
280.0000	-0.0069	0.6716	16.9772	-0.0206	43.3836	1403.9043	278.7983	8.1291	8.6767	0.4694	758.6754
290.0000	0.1584	2.4563	15.9482	0.1071	44.4556	1412.4296	274.2306	8.3332	8.8911	0.4782	755.6117
300.0000	0.0342	1.2049	15.0904	0.0110	45.5589	1420.5532	268.7245	8.5430	9.1118	0.4875	752.7382
310.0000	0.3165	4.1275	14.3103	0.2404	46.5990	1428.4869	264.0742	8.7411	9.3198	0.4960	749.8263
320.0000	0.1657	2.6193	13.6465	0.1164	47.6393	1436.0009	258.9272	8.9392	9.5279	0.5046	747.0859
330.0000	0.2019	3.0055	13.0547	0.1472	48.7230	1443.9554	253.8875	9.1456	9.7446	0.5134	744.4080
340.0000	0.1825	2.8341	12.5047	0.1322	49.6971	1451.3637	249.8568	9.3314	9.9394	0.5212	741.6920
350.0000	0.1634	2.6727	12.0307	0.1175	50.7080	1458.9356	245.6169	9.5242	10.1416	0.5292	739.1518
360.0000	0.1254	2.3336	11.5827	0.0870	51.7612	1467.0767	241.7005	9.7253	10.3522	0.5374	736.5597
370.0000	0.2302	3.3484	11.1790	0.1757	52.8552	1474.8750	236.7685	9.9341	10.5710	0.5460	734.0467
380.0000	0.1207	2.3443	10.8100	0.0846	53.8054	1482.5676	233.9826	10.1158	10.7611	0.5531	731.5849
390.0000	0.2148	3.2288	10.4864	0.1645	54.8314	1490.5089	230.5329	10.3120	10.9663	0.5608	729.2833
400.0000	0.0529	1.7796	10.1686	0.0299	55.8853	1498.6692	227.1136	10.5136	11.1771	0.5687	726.8811
410.0000	0.0679	1.9481	9.8909	0.0427	56.9233	1506.4705	223.4983	10.7122	11.3847	0.5764	724.6548
420.0000	-0.0454	0.9776	9.6169	-0.0494	57.9400	1514.2120	220.2189	10.9068	11.5880	0.5839	722.3328
430.0000	0.1315	2.5599	9.3606	0.0968	58.9597	1521.8961	216.9138	11.1021	11.7919	0.5913	720.0380
440.0000	0.1564	2.7978	9.1279	0.1187	59.9856	1529.5402	213.5579	11.2986	11.9971	0.5988	717.8422
450.0000	0.0873	2.2295	8.9064	0.0606	60.9797	1536.9659	210.4345	11.4890	12.1959	0.6059	715.6453
460.0000	0.0512	1.9458	8.6968	0.0306	62.0261	1545.1624	207.8395	11.6898	12.4052	0.6133	713.4639
470.0000	0.2156	3.3442	8.4950	0.1723	63.0743	1552.9317	204.6600	11.8907	12.6149	0.6207	711.2618
480.0000	0.2128	3.3335	8.3004	0.1706	64.1404	1560.9130	201.6560	12.0953	12.8281	0.6281	709.0368
490.0000	0.1718	3.0095	8.1275	0.1354	65.2133	1569.3336	199.3476	12.3014	13.0427	0.6354	706.9712
500.0000	0.0635	2.1512	7.9548	0.0424	66.2934	1577.5114	196.6629	12.5088	13.2587	0.6428	704.8175
510.0000	0.0675	2.2098	7.7902	0.0461	67.4401	1586.0888	193.7644	12.7290	13.4880	0.6505	702.6764
520.0000	0.2723	3.8450	7.6187	0.2267	68.4417	1593.8888	191.8120	12.9217	13.6883	0.6572	700.3477
530.0000	0.0902	2.4209	7.4759	0.0663	69.5141	1602.1574	189.6910	13.1279	13.9028	0.6642	698.3259
540.0000	0.0991	2.5093	7.3246	0.0744	70.6476	1610.7256	187.2874	13.3459	14.1295	0.6716	696.0979
550.0000	0.0002	1.7694	7.1835	-0.0106	71.7490	1618.8468	184.7331	13.5578	14.3498	0.6789	693.9362
560.0000	0.1253	2.7475	7.0417	0.0982	72.8488	1627.0110	182.3700	13.7694	14.5698	0.6860	691.6770
570.0000	0.1256	2.7656	6.9136	0.0989	73.9998	1635.6272	180.1185	13.9910	14.8000	0.6934	689.5547
580.0000	0.0233	2.0212	6.7902	0.0098	75.1520	1644.0092	177.5849	14.2128	15.0304	0.7008	687.4361
590.0000	0.1219	2.8772	6.6593	0.1096	76.2514	1652.3159	175.7573	14.4247	15.2503	0.7077	685.1025
720.0000	9.1766	50.2535	-26.1580	34.7519	92.1027	1766.7396	150.7091	17.4846	18.4205	0.8022	836.6291
730.0000	0.3370	4.3649	5.3680	0.3010	93.3069	1775.6627	149.8808	17.7178	18.6614	0.8088	655.7084
740.0000	0.4560	5.1472	5.1531	0.4154	94.5895	1784.6546	148.2608	17.9659	18.9179	0.8160	649.4457
750.0000	0.3637	4.5395	5.0718	0.3275	95.8884	1793.9666	147.0624	18.2173	19.1777	0.8231	646.9386
760.0000	0.3276	4.3041	4.9888	0.2938	97.1620	1802.5684	145.1161	18.4637	19.4324	0.8303	644.2969
770.0000	0.3327	4.3376	4.9112	0.2992	98.4566	1811.5455	143.6209	18.7144	19.6913	0.8374	641.7433
780.0000	0.2868	4.0475	4.8347	0.2565	99.9258	1821.1128	141.0177	18.9986	19.9852	0.8456	639.1481
790.0000	0.3309	4.3276	4.7588	0.2988	101.2128	1829.8708	139.4614	19.2478	20.2426	0.8526	636.4896
800.0000	0.3260	4.2973	4.6849	0.2946	102.5553	1839.1973	138.2518	19.5080	20.5111	0.8598	633.8182
810.0000	0.3514	4.4558	4.6122	0.3192	103.7849	1847.5464	136.9145	19.7462	20.7570	0.8664	631.1064
820.0000	0.3589	4.5018	4.5427	0.3270	105.2046	1857.0446	135.2365	20.0213	21.0409	0.8739	628.4350
830.0000	0.3596	4.5053	4.4757	0.3281	106.5342	1866.0581	133.9603	20.2791	21.3068	0.8809	625.7785
840.0000	0.3623	4.5212	4.4089	0.3312	107.8853	1875.1297	132.6135	20.5411	21.5771	0.8880	623.0523
850.0000	0.2952	4.1134	4.3437	0.2676	109.2701	1884.0859	130.7636	20.8095	21.8540	0.8953	620.3076
860.0000	0.2899	4.0839	4.2812	0.2631	110.6217	1892.8834	129.1443	21.0716	22.1243	0.9024	617.6002
870.0000	0.3472	4.4280	4.2177	0.3183	112.0213	1901.9720	127.5298	21.3430	22.4043	0.9096	614.7647
880.0000	0.2645	3.9353	4.1577	0.2396	113.4119	1911.4311	126.7388	21.6131	22.6824	0.9166	612.0083
890.0000	0.2822	4.0425	4.0966	0.2569	114.7902	1920.4819	125.5066	21.8806	22.9580	0.9235	609.1173
900.0000	0.2434	3.8165	4.0400	0.2204	116.1398	1929.2286	124.1940	22.1426	23.2280	0.9304	606.3640
910.0000	0.3044	4.1825	3.9814	0.2793	117.6127	1937.1621	120.1519	22.4276	23.5225	0.9385	603.4259
920.0000	0.3067	4.1965	3.9263	0.2819	119.0144	1946.2311	118.9488	22.6999	23.8029	0.9454	600.5878
930.0000	0.2641	3.9564	3.8730	0.2414	120.3446	1954.7445	117.7336	22.9582	24.0689	0.9520	597.7609
940.0000	0.2631	3.9516	3.8197	0.2408	121.7837	1964.1839	116.8966	23.2379	24.3567	0.9590	594.8574
950.0000	0.2012	3.6063	3.7689	0.1821	123.1090	1972.6054	115.7505	23.4954	24.6218	0.9655	592.0149
960.0000	0.2647	3.9630	3.7181	0.2429	124.5964	1982.3201	115.0018	23.7846	24.9193	0.9726	589.0921
970.0000	0.3050	4.1901	3.6672	0.2819	125.9677	1990.8836	113.7332	24.0511	25.1935	0.9793	586.0871
980.0000	0.3440	4.4071	3.6195	0.3199	127.4018	1999.9236	112.6346	24.3299	25.4804	0.9861	583.1885
990.0000	0.3285	4.3215	3.5715	0.3053	128.7396	2008.3571	111.6892	24.5900	25.7479	0.9925	580.1959
1000.0000	0.2807	4.0592	3.5246	0.2595	130.0926	2016.7025	110.4968	24.8531	26.0185	0.9990	577.1952
1010.0000	0.2815	4.0641	3.4806	0.2605	131.4798	2025.4163	109.6209	25.1229	26.2960	1.0055	574.3052
1020.0000	0.2849	4.0835	3.4359	0.2641	132.8286	2033.8360	108.7543	25.3853	26.5657	1.0118	571.2935
1030.0000	0.2289	3.7791	3.3928	0.2105	134.1974	2042.3705	107.9320	25.6517	26.8395	1.0181	568.3122
1040.0000	0.2261	3.7636	3.3498	0.2080	135.5413	2050.8449	107.3595	25.9133	27.1083	1.0242	565.2643
1050.0000	0.2113	3.6843	3.3095	0.1940	136.8491	2058.9223	106.5815	26.1679	27.3698	1.0302	562.3319
1060.0000	0.2394	3.8381	3.2682	0.2212	138.1766	2067.0391	105.7200	26.4263	27.6353	1.0363	559.2574
1070.0000	0.2112	3.6898	3.2290	0.1943	139.4695	2074.6723	104.4798	26.6778	27.8939	1.0423	556.2665
1080.0000	0.2082	3.6714	3.1899	0.1916	140.7426	2082.6713	104.1450	26.9259	28.1485	1.0480	553.2060
1090.0000	0.2339	3.8125	3.1531	0.2166	142.0554	2090.5419	103.2173	27.1815	28.4111	1.0540	550.2543
1100.0000	0.2230	3.7545	3.1165	0.2062	143.3843	2098.5930	102.4862	27.4403	28.6769	1.0599	547.2543
1110.0000	0.2059	3.6652	3.0810	0.1900	144.5252	2105.3388	101.6251	27.6625	28.9050	1.0651	544.2790
1120.0000	0.1880	3.5700	3.0462	0.1729	145.7981	2112.9874	100.9288	27.9104	29.1596	1.0707	541.2859
1130.0000	0.2042	3.6590	3.0133	0.1887	147.0668	2120.4786	100.0653	28.1576	29.4134	1.0764	538.4042
1140.0000	0.2139	3.7108	2.9801	0.1982	148.2862	2127.7890	99.4778	28.3952	29.6572	1.0817	535.4255
1150.0000	0.1967	3.6197	2.9486	0.1818	149.4167	2134.4929	98.8535	28.6155	29.8833	1.0867	532.5297
1160.0000	0.1488	3.3650	2.9180	0.1359	150.5409	2141.1947	98.3362	28.8346	30.1082	1.0916	529.6640
1170.0000	0.1762	3.5111	2.8873	0.1623	151.7432	2148.2772	97.6852	29.0690	30.3486	1.0968	526.7344
1180.0000	0.2216	3.7502	2.8573	0.2062	152.9380	2155.4831	97.3743	29.3020	30.5876	1.1019	523.8041
1190.0000	0.1739	3.4944	2.8303	0.1603	154.0109	2161.9067	97.0558	29.5112	30.8022	1.1065	521.1104
1200.0000	0.1381	3.3102	2.8035	0.1261	155.1942	2168.5473	95.9827	29.7418	31.0388	1.1117	518.3847
1210.0000	0.1809	3.5374	2.7767	0.1673	156.2676	2174.7759	95.4011	29.9511	31.2535	1.1164	515.6129
1220.0000	0.1720	3.4885	2.7503	0.1589	157.2944	2180.8360	95.0565	30.1514	31.4589	1.1207	512.8319
1230.0000	0.1820	3.5411	2.7262	0.1686	158.3774	2187.1359	94.5708	30.3626	31.6755	1.1253	510.2425
1240.0000	0.1378	3.3018	2.7018	0.1261	159.3890	2193.2171	94.4906	30.5601	31.8778	1.1295	507.5671
1250.0000	0.2286	3.7824	2.6778	0.2138	160.3802	2199.1637	94.4236	30.7535	32.0760	1.1336	504.8913
1260.0000	0.2394	3.8387	2.6538	0.2243	161.3685	2204.9235	94.0941	30.9464	32.2737	1.1377	502.1774
1270.0000	0.2533	3.9135	2.6319	0.2380	162.4332	2210.9874	93.5289	31.1541	32.4866	1.1422	499.6458
1280.0000	0.2711	4.0056	2.6098	0.2553	163.3010	2216.2512	93.6503	31.3236	32.6602	1.1457	497.0597
1290.0000	0.2526	3.9058	2.5885	0.2375	164.3107	2222.0231	93.2110	31.5206	32.8621	1.1499	494.5138
1300.0000	0.2462	3.8736	2.5682	0.2314	165.2763	2227.2728	92.3503	31.7089	33.0553	1.1540	492.0516
1310.0000	0.2120	3.7250	2.5496	0.2052	166.1814	2232.6117	92.2951	31.8856	33.2363	1.1577	489.7611
1440.0000	-52.4927	-164.5016	111.7206	-16.5235	176.6797	2292.2306	89.3903	33.9359	35.3359	1.2001	798.5702
1450.0000	0.1666	3.4273	2.3884	0.1553	177.4072	2296.4415	89.4430	34.0781	35.4814	1.2029	468.4076
1460.0000	0.1705	3.4296	2.3169	0.1591	178.0890	2300.1787	89.1407	34.2112	35.6178	1.2056	457.9910
1470.0000	0.2063	3.6333	2.3032	0.1940	178.8440	2303.9736	88.2228	34.3585	35.7688	1.2088	455.9294
1480.0000	0.1952	3.5697	2.2908	0.1832	179.4297	2307.2230	88.0532	34.4729	35.8859	1.2111	454.0394
1490.0000	0.2092	3.6443	2.2790	0.1969	180.0896	2310.9862	88.0515	34.6019	36.0179	1.2137	452.2198
1500.0000	0.1701	3.4269	2.2675	0.1590	180.8711	2315.2228	87.6801	34.7546	36.1742	1.2168	450.4268
1510.0000	0.1830	3.4930	2.2559	0.1715	181.4500	2318.6027	87.8381	34.8678	36.2900	1.2190	448.5964
1520.0000	0.1576	3.3536	2.2456	0.1470	182.1410	2322.2146	87.2996	35.0028	36.4282	1.2218	446.9630
1530.0000	0.1325	3.2089	2.2351	0.1227	182.6538	2325.1192	87.3009	35.1030	36.5308	1.2238	445.2650
1540.0000	0.1283	3.1837	2.2244	0.1187	183.3286	2328.8045	87.0728	35.2349	36.6657	1.2264	443.5303
1550.0000	0.1778	3.4565	2.2142	0.1666	183.9597	2332.4080	87.1443	35.3583	36.7919	1.2288	441.8743
1560.0000	0.1534	3.3179	2.2047	0.1430	184.4936	2335.2906	86.9221	35.4626	36.8987	1.2309	440.2999
1570.0000	0.1281	3.1737	2.1956	0.1186	185.0401	2338.2730	86.7590	35.5694	37.0080	1.2331	438.7772
1580.0000	0.1904	3.5264	2.1862	0.1789	185.7200	2341.8179	86.2779	35.7022	37.1440	1.2358	437.2074
1590.0000	0.1604	3.3531	2.1774	0.1499	186.1250	2344.1272	86.3415	35.7815	37.2250	1.2373	435.7101
1600.0000	0.1487	3.2938	2.1688	0.1386	186.7993	2347.4435	85.5341	35.9131	37.3599	1.2401	434.2421
1610.0000	0.1523	3.3052	2.1603	0.1421	187.2446	2350.1470	85.9049	36.0003	37.4489	1.2417	432.7821
1620.0000	0.1597	3.3427	2.1516	0.1493	187.8133	2353.3598	85.9658	36.1115	37.5627	1.2438	431.2832
1630.0000	0.1332	3.1876	2.1439	0.1236	188.2856	2356.0043	85.9820	36.2039	37.6571	1.2456	429.9341
1640.0000	0.1581	3.3349	2.1356	0.1478	188.8403	2358.7000	85.2901	36.3122	37.7681	1.2479	428.4661
1650.0000	0.1107	3.0627	2.1287	0.1020	189.3749	2361.6439	85.2349	36.4167	37.8750	1.2500	427.2583
1660.0000	0.1439	3.2500	2.1204	0.1342	189.8765	2364.3298	85.0569	36.5148	37.9753	1.2519	425.7751
1670.0000	0.0928	2.9565	2.1138	0.0848	190.3233	2366.7505	84.9537	36.6021	38.0647	1.2536	424.5860
1680.0000	0.1557	3.3176	2.1062	0.1456	190.7845	2369.0422	84.4889	36.6922	38.1569	1.2555	423.2009
1690.0000	0.1601	3.3462	2.0997	0.1500	191.0948	2370.4878	84.0104	36.7527	38.2190	1.2568	422.0230
1700.0000	0.1427	3.2562	2.0925	0.1332	191.7380	2373.5207	83.0898	36.8782	38.3476	1.2595	420.6999
1710.0000	0.1397	3.2347	2.0864	0.1303	192.0914	2375.5310	83.1908	36.9474	38.4183	1.2608	419.5816
1720.0000	0.1251	3.1353	2.0801	0.1161	192.5607	2378.6182	84.0616	37.0395	38.5121	1.2623	418.4032
1730.0000	0.1199	3.1164	2.0740	0.1111	193.0372	2380.7136	83.1303	37.1324	38.6074	1.2643	417.2640
1741.0000	0.1226	3.1258	2.0669	0.1138	193.4590	2383.1063	83.2523	37.2150	38.6918	1.2658	415.9275
1751.0000	0.1336	3.1972	2.0613	0.1245	193.8627	2384.8732	82.4565	37.2937	38.7725	1.2676	414.8650
1761.0000	0.1275	3.1625	2.0555	0.1186	194.2861	2387.0786	82.2442	37.3765	38.8572	1.2692	413.7621
1771.0000	0.0970	2.9952	2.0495	0.0891	194.7155	2389.1286	81.7053	37.4603	38.9431	1.2710	412.6311
1781.0000	0.0701	2.8424	2.0439	0.0631	195.1126	2391.1967	81.5127	37.5379	39.0225	1.2725	411.5461
1791.0000	0.1178	3.1115	2.0386	0.1093	195.4380	2392.8755	81.3306	37.6015	39.0876	1.2738	410.5209
1801.0000	0.0908	2.9685	2.0335	0.0831	195.8567	2394.7516	80.6008	37.6832	39.1713	1.2755	409.5356
1811.0000	0.1286	3.1817	2.0284	0.1199	196.2892	2396.9761	80.3539	37.7678	39.2578	1.2772	408.5337
1821.0000	0.1199	3.1318	2.0228	0.1114	196.6161	2398.6713	80.1950	37.8317	39.3232	1.2785	407.4403
1831.0000	0.1262	3.1723	2.0177	0.1176	196.9923	2400.4330	79.6830	37.9051	39.3985	1.2800	406.4324
1841.0000	0.1016	3.0440	2.0130	0.0937	197.3676	2402.0614	78.9478	37.9783	39.4735	1.2816	405.4890
1851.0000	0.1199	3.1508	2.0082	0.1116	197.7941	2404.1003	78.4480	38.0616	39.5588	1.2833	404.5400
1861.0000	0.0745	2.9058	2.0039	0.0675	198.0885	2405.4249	77.9601	38.1190	39.6177	1.2846	403.6732
1871.0000	0.1013	3.0513	1.9993	0.0936	198.4067	2407.1354	77.9244	38.1813	39.6813	1.2858	402.7560
1881.0000	0.0625	2.8551	1.9947	0.0560	198.7657	2408.4782	76.8550	38.2512	39.7531	1.2874	401.8169
1891.0000	0.0977	3.0449	1.9903	0.0902	198.9948	2409.7014	76.8183	38.2960	39.7990	1.2882	400.9279
1901.0000	0.1045	3.0962	1.9861	0.0968	199.2633	2410.6052	75.8443	38.3482	39.8527	1.2895	400.0623
1911.0000	0.0971	3.0627	1.9820	0.0897	199.6736	2412.5371	75.3287	38.4284	39.9347	1.2912	399.2303
1921.0000	0.0553	2.8391	1.9780	0.0491	199.9799	2414.0660	75.0984	38.4882	39.9960	1.2924	398.4051
1931.0000	0.1147	3.1639	1.9736	0.1068	200.3084	2415.5608	74.5995	38.5523	40.0617	1.2937	397.5098
1941.0000	0.0392	2.7666	1.9702	0.0336	200.5576	2416.6645	74.1688	38.6010	40.1115	1.2948	396.7998
1951.0000	0.0649	2.9132	1.9662	0.0584	200.9474	2418.4107	73.5327	38.6771	40.1895	1.2964	395.9688
1961.0000	0.0474	2.8365	1.9623	0.0415	201.2347	2419.4662	72.6590	38.7330	40.2469	1.2977	395.1583
1971.0000	0.0418	2.8156	1.9587	0.0361	201.5216	2420.7200	72.1389	38.7890	40.3043	1.2989	394.4060
1981.0000	0.0243	2.7289	1.9555	0.0192	201.8475	2422.3006	71.8265	38.8526	40.3695	1.3002	393.7145
1991.0000	0.0433	2.8367	1.9518	0.0376	202.0758	2423.2194	71.2771	38.8971	40.4152	1.3012	392.9391
2001.0000	0.0890	3.0716	1.9477	0.0820	202.2865	2424.3058	71.1915	38.9383	40.4573	1.3020	392.0822
2011.0000	0.0259	2.7578	1.9449	0.0208	202.6083	2425.6704	70.5427	39.0011	40.5217	1.3033	391.4769
2021.0000	0.0104	2.6924	1.9415	0.0104	202.8744	2427.2677	70.8341	39.0533	40.5749	1.3042	390.7595
