0.0000	-0.4272	-20.2725	-131.5121	0.4597	-6.7186	34.2524	911.8914	-0.3573	-1.3437	-0.8455	823.5396
10.0000	-0.0875	-9.3952	-161.1127	-0.1299	-6.0374	20.4967	905.6555	-0.2151	-1.2075	-0.8506	822.3977
20.0000	-0.9601	-37.3766	-219.5621	0.7005	-5.4557	7.8335	912.3124	-0.0835	-1.0911	-0.8637	821.0473
30.0000	-2.1146	-75.2234	-510.6327	0.8567	-4.6754	-8.5565	921.7516	0.0930	-0.9351	-0.8812	818.9253
40.0000	1.3625	33.6100	754.0380	1.3894	-2.8793	-38.4421	818.7633	0.3944	-0.5759	-0.8317	816.2408
50.0000	1.0447	27.7633	220.2964	0.4211	6.1077	1417.0325	950.9722	1.1451	1.2215	0.0655	813.6146
60.0000	0.6513	16.9205	139.8341	0.1673	7.1185	1637.5488	1169.8347	1.3460	1.4237	0.0666	811.4798
70.0000	0.3501	5.1922	105.5349	0.0014	7.4932	61187.0931	60814.7239	1.4963	1.4986	0.0020	809.5801
80.0000	0.3510	4.6622	85.2467	0.0182	8.6096	5366.6496	4959.5079	1.6921	1.7219	0.0256	807.7370
90.0000	0.2703	6.1662	71.0049	0.4994	12.8744	391.2869	-611.7735	2.0737	2.5749	0.4296	805.8139
100.0000	1.9961	2.6213	59.3374	1.7243	12.3093	706.1353	-30.9040	2.1711	2.4619	0.2492	803.5506
110.0000	-0.7321	-2.4610	50.7138	-0.4865	13.1873	873.4182	178.2157	2.3798	2.6375	0.2209	801.2083
120.0000	0.1520	2.5453	43.2948	0.0643	14.4562	962.6415	266.2331	2.6326	2.8912	0.2217	798.4466
130.0000	-0.0988	-1.2373	37.5454	-0.0822	15.8267	1050.9763	351.1732	2.9040	3.1653	0.2240	795.5558
140.0000	0.1092	0.8641	32.7846	0.0365	17.2753	1120.0167	410.4740	3.1860	3.4551	0.2306	792.3946
150.0000	0.2445	2.6902	28.9953	0.1171	18.8015	1178.3715	455.7496	3.4809	3.7603	0.2395	789.1365
160.0000	0.3281	4.0528	25.9968	0.1717	20.3384	1217.9736	478.0093	3.7746	4.0677	0.2512	785.8853
170.0000	0.2397	2.4312	23.6356	0.1170	21.9059	1254.4620	496.7365	4.0740	4.3812	0.2633	782.7446
180.0000	0.3011	3.5224	21.7446	0.1578	23.4171	1283.2402	507.3975	4.3620	4.6834	0.2755	779.7372
190.0000	0.2588	2.7047	20.1397	0.1329	24.9136	1308.4209	514.3679	4.6468	4.9827	0.2879	776.7420
200.0000	0.2008	1.5571	18.7990	0.0983	26.1847	1330.2651	521.3894	4.8894	5.2369	0.2979	773.8477
210.0000	0.1914	1.3845	17.6754	0.0949	27.6657	1346.5507	518.0677	5.1700	5.5331	0.3112	771.0839
220.0000	0.3255	3.9574	16.6889	0.1836	28.8957	1363.1668	519.7404	5.4042	5.7791	0.3214	768.3505
230.0000	0.2497	2.4987	15.8725	0.1355	30.1443	1375.6893	515.9938	5.6411	6.0289	0.3324	765.8317
240.0000	0.2625	2.7488	15.1481	0.1460	31.3340	1388.1817	513.4306	5.8671	6.2668	0.3426	763.3692
250.0000	0.2226	2.0109	14.5176	0.1221	32.5470	1396.8346	505.5673	6.0966	6.5094	0.3538	761.0260
260.0000	0.2121	1.8316	13.9510	0.1170	33.6306	1405.5661	500.0633	6.3021	6.7261	0.3634	758.7392
270.0000	0.2846	3.2178	13.4373	0.1687	34.7124	1411.7514	491.2785	6.5066	6.9425	0.3736	756.4998
280.0000	0.2945	3.4181	12.9892	0.1784	35.7962	1417.0883	481.4168	6.7113	7.1592	0.3839	754.4016
290.0000	0.2803	3.1934	12.5774	0.1716	36.8453	1419.1128	467.6259	6.9087	7.3691	0.3946	752.3411
300.0000	0.2414	2.3505	12.2281	0.1409	37.7180	1454.3032	502.5679	7.0830	7.5436	0.3948	750.4849
310.0000	0.2865	3.0562	11.9168	0.1644	38.0926	1505.3834	566.6398	7.1682	7.6185	0.3860	748.7390
320.0000	0.2648	2.6023	11.5682	0.1512	38.7037	1507.4754	560.3539	7.2838	7.7407	0.3917	746.6723
330.0000	0.2698	2.8869	11.1717	0.1634	40.2100	1481.2012	501.5899	7.5594	8.0420	0.4137	744.1645
340.0000	0.3758	4.8622	10.7885	0.2565	41.8592	1446.3768	427.3848	7.8581	8.3718	0.4404	741.5662
350.0000	0.3940	5.0577	10.4538	0.2856	43.4322	1419.4266	364.0290	8.1439	8.6864	0.4651	739.1406
360.0000	0.4004	5.0699	10.1591	0.3010	44.7756	1406.2589	323.4404	8.3908	8.9551	0.4837	736.8724
370.0000	0.4111	5.1277	9.8923	0.3188	45.9884	1396.9409	290.2224	8.6145	9.1977	0.4999	734.7023
380.0000	0.3488	4.4191	9.6653	0.2587	47.0438	1433.3420	327.6701	8.8264	9.4088	0.4992	732.7616
390.0000	0.3895	5.0399	9.4574	0.2814	47.7472	1483.8168	391.0337	8.9773	9.5494	0.4904	730.9029
400.0000	0.3457	4.3704	9.2467	0.2480	48.6053	1485.6824	380.7679	9.1393	9.7211	0.4986	728.9335
410.0000	0.3168	3.9704	9.0250	0.2297	49.7377	1480.4045	355.8336	9.3502	9.9475	0.5120	726.7621
420.0000	0.3549	4.4983	8.8039	0.2683	51.0212	1471.6713	323.2956	9.5881	10.2042	0.5281	724.4880
430.0000	0.3496	4.4306	8.5910	0.2692	52.2855	1469.0187	299.9866	9.8246	10.4571	0.5421	722.1871
440.0000	0.3807	4.7766	8.3893	0.3012	53.5318	1468.0684	279.4794	10.0584	10.7064	0.5554	719.9004
450.0000	0.3032	3.9066	8.1956	0.2342	54.7686	1482.4702	282.6079	10.2969	10.9537	0.5630	717.5979
460.0000	0.2721	3.4834	8.0096	0.2051	55.7902	1507.2206	304.9402	10.4993	11.1580	0.5647	715.2811
470.0000	0.2657	3.3832	7.8203	0.1997	57.0014	1522.6778	310.4494	10.7336	11.4003	0.5714	712.8114
480.0000	0.2965	3.7729	7.6328	0.2269	58.2350	1532.3612	307.0187	10.9700	11.6470	0.5803	710.2436
490.0000	0.3248	4.1323	7.4419	0.2537	59.6117	1538.1973	295.7527	11.2318	11.9223	0.5919	707.4978
500.0000	0.3233	4.1196	7.2543	0.2543	61.0473	1547.7964	289.5529	11.5064	12.2095	0.6026	704.6569
510.0000	0.3268	4.1646	7.0714	0.2590	62.5490	1559.1639	285.3168	11.7944	12.5098	0.6132	701.7430
520.0000	0.3045	3.9169	6.8929	0.2417	64.0733	1568.1666	277.2958	12.0858	12.8147	0.6247	698.7497
530.0000	0.2848	3.6942	6.7203	0.2257	65.6612	1581.7236	275.6531	12.3914	13.1322	0.6350	695.7036
540.0000	0.3146	4.0396	6.5481	0.2534	67.2527	1592.2517	269.4673	12.6964	13.4505	0.6464	692.5070
550.0000	0.2824	3.6869	6.3803	0.2265	68.9158	1605.0522	266.0492	13.0162	13.7832	0.6574	689.2233
560.0000	0.3248	4.3318	6.2197	0.2793	70.6118	1618.1461	262.8773	13.3426	14.1224	0.6684	685.9158
690.0000	0.3386	4.3335	8.3283	0.2939	95.2055	1792.5157	216.7097	18.0869	19.0411	0.8179	713.1765
700.0000	0.3405	4.3409	4.5820	0.2966	97.2374	1806.3923	213.8340	18.4800	19.4475	0.8293	633.6093
710.0000	0.3368	4.3067	4.4760	0.2944	99.2320	1819.0739	209.6974	18.8656	19.8464	0.8407	629.4200
720.0000	0.3150	4.1058	4.3783	0.2755	101.3102	1831.2020	203.8306	19.2670	20.2620	0.8529	625.3792
730.0000	0.2764	3.7442	4.2851	0.2404	103.3807	1846.1809	203.0080	19.6686	20.6761	0.8636	621.3534
740.0000	0.2960	3.9311	4.1963	0.2593	105.3354	1859.0472	200.3383	20.0473	21.0671	0.8741	617.3520
750.0000	0.2625	3.6395	4.1104	0.2295	107.3350	1869.9837	194.1137	20.4336	21.4670	0.8858	613.3126
760.0000	0.2986	3.9737	4.0310	0.2640	109.4178	1882.5561	189.8040	20.8368	21.8836	0.8972	609.4310
770.0000	0.2405	3.4337	3.9563	0.2101	111.2498	1897.6325	192.9065	21.1937	22.2500	0.9053	605.6340
780.0000	0.2572	3.5814	3.8851	0.2258	113.2405	1911.7092	192.6261	21.5805	22.6481	0.9151	601.8793
790.0000	0.2233	3.2728	3.8156	0.1950	115.0714	1923.8350	191.1700	21.9360	23.0143	0.9243	598.0769
800.0000	0.2269	3.2989	3.7488	0.1986	116.9265	1936.8669	191.1107	22.2966	23.3853	0.9331	594.2926
810.0000	0.2231	3.2677	3.6846	0.1956	118.7944	1948.8943	189.3813	22.6593	23.7589	0.9425	590.5248
820.0000	0.2618	3.6308	3.6220	0.2321	120.7210	1960.3284	186.1321	23.0330	24.1442	0.9524	586.7254
830.0000	0.2327	3.3741	3.5623	0.2056	122.6454	1972.1414	183.7092	23.4067	24.5291	0.9621	582.9750
840.0000	0.2175	3.2583	3.5036	0.1923	124.5584	1982.6285	179.3387	23.7775	24.9117	0.9721	579.1601
850.0000	0.2266	3.3443	3.4492	0.2011	126.4308	1994.0740	177.2063	24.1412	25.2862	0.9814	575.5126
860.0000	0.1988	3.0960	3.3964	0.1756	128.1673	2005.4433	176.6392	24.4791	25.6335	0.9894	571.8601
870.0000	0.1898	3.0176	3.3453	0.1676	130.0414	2017.2285	175.3483	24.8436	26.0083	0.9983	568.2165
880.0000	0.2615	3.6583	3.2964	0.2350	131.8092	2027.2403	172.3855	25.1869	26.3618	1.0071	564.6226
890.0000	0.2211	3.3172	3.2503	0.1976	133.6203	2037.5304	169.5339	25.5387	26.7241	1.0160	561.1352
900.0000	0.2199	3.3412	3.2057	0.1974	135.4155	2045.7209	163.4030	25.8864	27.0831	1.0257	557.6683
910.0000	0.2222	3.3564	3.1638	0.1997	137.0756	2056.2748	162.9240	26.2097	27.4151	1.0332	554.3183
920.0000	0.2046	3.1941	3.1261	0.1833	138.6822	2067.3154	163.9771	26.5231	27.7364	1.0400	551.2252
930.0000	0.2180	3.3005	3.0884	0.1960	140.2128	2077.2821	164.1321	26.8215	28.0426	1.0466	548.0591
940.0000	0.2299	3.3958	3.0518	0.2073	141.7921	2087.4624	164.2071	27.1294	28.3584	1.0535	544.9119
950.0000	0.2189	3.3045	3.0176	0.1973	143.3477	2096.5509	162.7651	27.4321	28.6695	1.0606	541.9044
960.0000	0.2004	3.1431	2.9831	0.1801	144.7327	2105.0006	162.1684	27.7020	28.9465	1.0668	538.7995
970.0000	0.1831	3.0022	2.9506	0.1642	146.3596	2114.2413	160.3790	28.0186	29.2719	1.0742	535.8064
980.0000	0.2010	3.1637	2.9186	0.1813	147.8687	2122.6120	158.4566	28.3123	29.5737	1.0812	532.7996
990.0000	0.2097	3.2379	2.8868	0.1897	149.3002	2131.0324	157.5301	28.5912	29.8600	1.0876	529.7345
1000.0000	0.2044	3.1971	2.8574	0.1850	150.7945	2139.5227	156.1235	28.8823	30.1589	1.0943	526.8508
1010.0000	0.1554	2.7868	2.8290	0.1392	152.3378	2148.3450	154.8410	29.1829	30.4676	1.1011	524.0028
1020.0000	0.1446	2.6997	2.8012	0.1292	153.6646	2155.7989	153.5756	29.4414	30.7329	1.1070	521.1566
1030.0000	0.1541	2.7921	2.7747	0.1383	155.0791	2163.3530	151.6129	29.7168	31.0158	1.1135	518.3928
1040.0000	0.1737	2.9551	2.7488	0.1569	156.5088	2171.7070	150.9361	29.9956	31.3018	1.1196	515.6411
1050.0000	0.1833	3.0276	2.7251	0.1661	157.7408	2179.2712	151.0382	30.2361	31.5482	1.1247	513.0779
1060.0000	0.1716	2.9264	2.7020	0.1551	158.9939	2186.5588	150.4893	30.4805	31.7988	1.1300	510.5294
1070.0000	0.1847	3.0332	2.6795	0.1676	160.3473	2194.5711	150.1986	30.7446	32.0695	1.1356	508.0147
1080.0000	0.1457	2.7129	2.6580	0.1311	161.4633	2200.3995	148.6530	30.9620	32.2927	1.1406	505.5638
1090.0000	0.1606	2.8592	2.6365	0.1454	162.7773	2206.7567	146.0039	31.2176	32.5555	1.1467	503.0827
1100.0000	0.1761	2.9806	2.6160	0.1601	164.0158	2214.1535	145.9922	31.4595	32.8032	1.1517	500.6752
1110.0000	0.1294	2.5972	2.5964	0.1162	165.1595	2220.3070	144.8475	31.6824	33.0319	1.1567	498.3311
1120.0000	0.1430	2.7097	2.5770	0.1291	166.3067	2226.7269	144.1686	31.9063	33.2613	1.1615	495.9821
1130.0000	0.1364	2.6595	2.5586	0.1230	167.4970	2233.1956	143.1711	32.1384	33.4994	1.1666	493.7225
1140.0000	0.1806	3.0263	2.5399	0.1649	168.5010	2238.7026	142.4503	32.3343	33.7002	1.1708	491.3887
1150.0000	0.1621	2.8899	2.5226	0.1476	169.6424	2244.1639	140.2738	32.5565	33.9285	1.1760	489.2007
1160.0000	0.1317	2.6474	2.5053	0.1190	170.8538	2250.5948	139.1091	32.7928	34.1708	1.1811	486.9828
1170.0000	0.1557	2.8371	2.4892	0.1418	171.7852	2256.0151	139.0719	32.9748	34.3570	1.1848	484.8917
1180.0000	0.1514	2.7905	2.4746	0.1377	172.8833	2262.6413	139.4710	33.1895	34.5767	1.1890	482.9676
1190.0000	0.1473	2.7521	2.4596	0.1339	173.8799	2268.3144	139.2694	33.3841	34.7760	1.1930	480.9700
1200.0000	0.1402	2.6901	2.4453	0.1273	174.7649	2273.2727	138.9755	33.5570	34.9530	1.1966	479.0437
1210.0000	0.1226	2.5478	2.4316	0.1107	175.6795	2278.0907	138.1595	33.7355	35.1359	1.2004	477.1770
1220.0000	0.1336	2.6425	2.4179	0.1212	176.6501	2283.2204	137.3490	33.9249	35.3300	1.2044	475.2907
1230.0000	0.1032	2.3986	2.4046	0.0926	177.5191	2287.6239	136.3133	34.0944	35.5038	1.2081	473.4331
1240.0000	0.1104	2.4648	2.3909	0.0995	178.5532	2292.9720	135.2965	34.2961	35.7106	1.2124	471.5097
1250.0000	0.1351	2.6760	2.3785	0.1230	179.3326	2296.7587	134.1213	34.4481	35.8665	1.2158	469.7329
1260.0000	0.1137	2.4460	2.3660	0.1026	180.0240	2302.5961	137.4286	34.5844	36.0048	1.2175	467.9311
1270.0000	0.1297	2.6159	2.3541	0.1179	181.0578	2306.6899	134.2895	34.7854	36.2116	1.2224	466.2013
1280.0000	0.0592	2.1116	2.3427	0.0560	181.9534	2310.3090	131.7169	34.9596	36.3907	1.2266	464.5265
1410.0000	0.0595	2.7367	4.0844	0.0523	190.8749	2355.5802	123.3488	36.7015	38.1750	1.2630	605.0692
1420.0000	0.2029	3.2691	2.2633	0.1890	191.4036	2358.5149	123.3582	36.8049	38.2807	1.2650	447.2325
1430.0000	0.1799	3.0862	2.2554	0.1670	191.9682	2361.5099	123.1317	36.9153	38.3936	1.2671	445.9835
1440.0000	0.1546	2.8903	2.2481	0.1428	192.4334	2363.7466	122.5436	37.0061	38.4867	1.2691	444.8282
1450.0000	0.1869	3.1404	2.2414	0.1738	192.9496	2366.6675	122.6710	37.1072	38.5899	1.2709	443.7593
1460.0000	0.2143	3.3574	2.2350	0.2002	193.4138	2368.9969	122.2671	37.1978	38.6828	1.2728	442.7486
1470.0000	0.2258	3.4450	2.2290	0.2113	193.8904	2371.7122	122.4291	37.2911	38.7781	1.2745	441.7818
1480.0000	0.2264	3.4450	2.2228	0.2118	194.4100	2374.6979	122.6559	37.3929	38.8820	1.2764	440.7826
1490.0000	0.1677	2.9756	2.2178	0.1554	194.8885	2377.3257	122.6563	37.4865	38.9777	1.2782	439.9612
1500.0000	0.2005	3.2332	2.2123	0.1870	195.4108	2380.2862	122.8254	37.5887	39.0822	1.2801	439.0700
1510.0000	0.1950	3.1845	2.2071	0.1817	195.8919	2383.0413	123.0368	37.6830	39.1784	1.2818	438.2062
1520.0000	0.1891	3.1393	2.2020	0.1760	196.2941	2384.9734	122.5641	37.7615	39.2588	1.2834	437.3769
1530.0000	0.1942	3.1800	2.1971	0.1810	196.6121	2386.6051	122.3757	37.8236	39.3224	1.2847	436.5598
1540.0000	0.2078	3.2860	2.1926	0.1940	197.0616	2389.0873	122.4235	37.9116	39.4123	1.2863	435.8020
1550.0000	0.2128	3.3235	2.1879	0.1989	197.3568	2390.7455	122.5073	37.9694	39.4714	1.2874	435.0278
1560.0000	0.1844	3.0938	2.1837	0.1716	197.7329	2392.7507	122.4283	38.0430	39.5466	1.2888	434.3121
1570.0000	0.1762	3.0274	2.1793	0.1638	198.1732	2395.0439	122.2432	38.1291	39.6346	1.2905	433.5779
1580.0000	0.1881	3.1226	2.1753	0.1753	198.5287	2396.9251	122.1503	38.1986	39.7057	1.2918	432.9025
1590.0000	0.1876	3.1123	2.1718	0.1747	198.8635	2398.9462	122.5046	38.2643	39.7727	1.2929	432.3134
1600.0000	0.2111	3.3050	2.1678	0.1974	199.2741	2400.9444	122.0952	38.3445	39.8548	1.2946	431.6371
1610.0000	0.1779	3.0317	2.1640	0.1655	199.5804	2402.7432	122.3370	38.4045	39.9161	1.2956	430.9718
1620.0000	0.2080	3.2739	2.1603	0.1944	199.7952	2403.9176	122.3541	38.4466	39.9590	1.2964	430.3452
1630.0000	0.2000	3.2078	2.1569	0.1867	200.1679	2405.8888	122.2684	38.5195	40.0336	1.2978	429.7555
1640.0000	0.1969	3.1825	2.1534	0.1838	200.4270	2407.1941	122.0963	38.5701	40.0854	1.2988	429.1661
1650.0000	0.1843	3.0790	2.1506	0.1717	200.7165	2408.7520	122.0812	38.6268	40.1433	1.2999	428.6685
1660.0000	0.1803	3.0479	2.1473	0.1679	200.9912	2410.0845	121.8106	38.6805	40.1982	1.3010	428.1070
1670.0000	0.1840	3.0778	2.1444	0.1715	201.3071	2411.6951	121.6407	38.7422	40.2614	1.3022	427.5917
1680.0000	0.1629	2.8962	2.1415	0.1511	201.5212	2413.2207	122.2934	38.7843	40.3042	1.3028	427.0923
1690.0000	0.2043	3.2367	2.1381	0.1910	201.8268	2414.6616	121.9254	38.8440	40.3654	1.3040	426.5011
1700.0000	0.1833	3.0605	2.1357	0.1708	202.0957	2416.2851	122.2317	38.8968	40.4191	1.3049	426.0800
1710.0000	0.1951	3.1589	2.1332	0.1821	202.3914	2417.6960	121.9088	38.9545	40.4783	1.3061	425.6307
1720.0000	0.1785	3.0188	2.1307	0.1662	202.6433	2419.2074	122.1825	39.0039	40.5287	1.3069	425.1936
1730.0000	0.1710	2.9560	2.1289	0.1590	202.7843	2419.9634	122.1775	39.0315	40.5569	1.3074	424.8833
1740.0000	0.1689	2.9353	2.1263	0.1570	202.9770	2421.0996	122.3531	39.0693	40.5954	1.3081	424.4203
1750.0000	0.1487	2.7753	2.1236	0.1377	203.2407	2422.1917	121.7767	39.1207	40.6481	1.3092	423.9316
1760.0000	0.1617	2.8726	2.1216	0.1501	203.4416	2423.6226	122.3975	39.1603	40.6883	1.3097	423.5742
1770.0000	0.1700	2.9430	2.1196	0.1580	203.5688	2424.1312	122.0882	39.1851	40.7138	1.3103	423.2226
1780.0000	0.1458	2.7464	2.1176	0.1350	203.8861	2425.6950	121.8403	39.2471	40.7772	1.3115	422.8727
1790.0000	0.1298	2.6112	2.1159	0.1196	204.0079	2426.4324	121.9883	39.2710	40.8016	1.3119	422.5641
1800.0000	0.1558	2.8241	2.1143	0.1445	204.0878	2426.8649	121.9953	39.2866	40.8176	1.3122	422.2844
1810.0000	0.1224	2.5485	2.1122	0.1126	204.3136	2428.0337	121.9204	39.3308	40.8627	1.3131	421.9056
1820.0000	0.1317	2.6213	2.1105	0.1214	204.5361	2429.3009	122.0520	39.3744	40.9072	1.3138	421.5864
1830.0000	0.1369	2.6634	2.1092	0.1264	204.6735	2430.0396	122.0567	39.4013	40.9347	1.3143	421.3519
1840.0000	0.1086	2.4356	2.1076	0.0995	204.8852	2430.9329	121.6308	39.4426	40.9770	1.3152	421.0750
1850.0000	0.1247	2.5634	2.1062	0.1148	204.8630	2430.9491	121.8694	39.4384	40.9726	1.3151	420.8275
1860.0000	0.1435	2.7158	2.1044	0.1327	205.0952	2432.2335	121.9432	39.4838	41.0190	1.3159	420.5001
1870.0000	0.1366	2.6586	2.1030	0.1262	205.2338	2432.9561	121.9088	39.5110	41.0468	1.3164	420.2457
1880.0000	0.1242	2.5582	2.1021	0.1143	205.4121	2433.7867	121.6909	39.5458	41.0824	1.3171	420.0759
1890.0000	0.1153	2.4819	2.1012	0.1059	205.4420	2434.0311	121.8408	39.5517	41.0884	1.3172	419.9145
1900.0000	0.1188	2.5106	2.0998	0.1092	205.5404	2434.5186	121.7722	39.5709	41.1081	1.3176	419.6529
1910.0000	0.1256	2.5661	2.0985	0.1157	205.6395	2435.0272	121.7346	39.5903	41.1279	1.3179	419.4158
1920.0000	0.1089	2.4330	2.0975	0.0998	205.8534	2435.9816	121.4014	39.6321	41.1707	1.3188	419.2411
1930.0000	0.0981	2.3372	2.0962	0.0895	205.9106	2436.4553	121.6984	39.6434	41.1821	1.3189	419.0051
1940.0000	0.0858	2.2353	2.0956	0.0778	206.0056	2436.9532	121.6823	39.6620	41.2011	1.3193	418.8877
1951.0000	0.1010	2.3562	2.0946	0.0922	205.9242	2436.6483	121.9117	39.6461	41.1848	1.3189	418.7120
1961.0000	0.1037	2.3873	2.0937	0.0949	206.0332	2436.9184	121.3593	39.6673	41.2066	1.3195	418.5520
1971.0000	0.0954	2.3125	2.0928	0.0869	206.1092	2437.4879	121.6485	39.6823	41.2218	1.3197	418.3893
1981.0000	0.1019	2.3680	2.0919	0.0931	206.2305	2438.0620	121.5187	39.7060	41.2461	1.3201	418.2118
1991.0000	0.0962	2.3226	2.0908	0.0877	206.3971	2438.8503	121.3408	39.7385	41.2794	1.3208	418.0215
2001.0000	0.0397	1.8859	2.0908	0.0379	206.4029	2438.9582	121.4766	39.7397	41.2806	1.3208	418.0176
