0.0000	0.0000	NaN	Inf	NaN	-7.7120	60.2438	839.0067	-0.6002	-1.5424	-0.8076	813.2786
80.0000	0.6192	11.6061	-271.0981	0.1844	6.1007	1262.9858	743.1532	1.1352	1.2201	0.0729	816.2786
90.0000	-0.4726	-16.8224	-91.3931	-0.1502	6.5012	1260.8296	733.7618	1.2095	1.3002	0.0778	822.1773
100.0000	-0.3430	-13.2873	-114.7709	-0.1250	6.9118	1259.2933	724.8433	1.2858	1.3824	0.0828	820.3647
110.0000	-1.0359	-30.8388	-154.7857	-0.2516	7.2124	1258.4475	718.6091	1.3416	1.4425	0.0864	818.5329
120.0000	-1.0621	-31.3514	-255.5179	-0.2583	7.4460	1257.8024	713.7730	1.3851	1.4892	0.0893	816.4615
130.0000	-2.0307	-55.4771	-565.1487	-0.3750	7.7920	1257.1744	706.9628	1.4494	1.5584	0.0935	814.7177
140.0000	10.7500	264.6564	6522.8441	-1.0126	8.1007	1256.5823	700.8477	1.5067	1.6201	0.0972	813.1540
150.0000	1.1247	23.7185	431.3588	0.6398	8.4490	1255.8557	693.8758	1.5715	1.6898	0.1014	811.3933
160.0000	0.3332	4.0792	201.9262	0.0937	8.8716	1254.5704	684.9576	1.6500	1.7743	0.1066	809.2510
170.0000	0.3995	5.6974	131.8040	0.1282	9.2571	1253.5334	676.9630	1.7215	1.8514	0.1113	807.1083
180.0000	0.6207	11.0127	102.1864	0.2551	9.6986	1252.8339	668.3429	1.8036	1.9397	0.1167	805.3199
190.0000	0.2236	1.4890	87.2839	0.0563	10.2457	1252.1874	657.9002	1.9052	2.0491	0.1233	803.9610
200.0000	0.2198	1.4405	80.2524	0.0577	10.7645	1252.0985	648.5868	2.0017	2.1529	0.1296	803.1446
210.0000	0.0579	-2.2579	74.1153	-0.0073	11.3223	1252.1734	638.7696	2.1054	2.2645	0.1363	802.3055
220.0000	-0.0084	-3.6528	70.4128	-0.0319	11.9544	1252.3656	627.7679	2.2230	2.3909	0.1439	801.7285
230.0000	0.0548	-2.1123	66.9625	-0.0058	12.5637	1252.7727	617.4260	2.3364	2.5127	0.1512	801.1334
240.0000	0.1998	1.1898	63.8630	0.0609	13.2623	1253.5199	605.9054	2.4664	2.6525	0.1595	800.5439
250.0000	-0.1005	-5.2373	61.3646	-0.0669	13.9443	1254.7068	595.2135	2.5934	2.7889	0.1675	800.0254
260.0000	-0.0198	-3.3664	58.4481	-0.0343	14.5987	1255.9935	585.1502	2.7153	2.9197	0.1752	799.3641
270.0000	0.4239	6.0292	55.6307	0.1959	15.3205	1257.7366	574.4635	2.8498	3.0641	0.1837	798.6594
280.0000	0.3429	4.3412	53.1573	0.1522	16.1170	1260.0007	563.1191	2.9984	3.2234	0.1929	797.9792
290.0000	-0.0208	-2.9613	50.8644	-0.0336	16.9167	1262.4209	551.9550	3.1476	3.3833	0.2021	797.2895
300.0000	0.3474	4.4333	47.9277	0.1642	17.7140	1265.3313	541.4854	3.2964	3.5428	0.2112	796.3098
310.0000	0.3475	4.4354	45.3011	0.1690	18.5875	1268.5939	530.1716	3.4596	3.7175	0.2211	795.3259
320.0000	0.3104	3.7334	42.9851	0.1505	19.5241	1272.4677	518.5859	3.6347	3.9048	0.2315	794.3586
330.0000	0.2658	2.9202	40.5756	0.1269	20.4706	1276.5186	507.1398	3.8117	4.0941	0.2420	793.2351
340.0000	0.1608	1.0441	38.3622	0.0672	21.4553	1281.4120	496.1904	3.9961	4.2911	0.2528	792.0787
350.0000	0.2037	1.8725	36.1503	0.0953	22.4134	1286.5116	486.0777	4.1757	4.4827	0.2631	790.7815
360.0000	0.2588	2.8920	34.3348	0.1334	23.4873	1291.7328	474.2375	4.3770	4.6975	0.2747	789.5919
370.0000	0.2096	2.0872	32.4706	0.1051	24.5748	1297.6073	463.1444	4.5811	4.9150	0.2862	788.2320
380.0000	0.2628	3.0278	30.9004	0.1433	25.7234	1303.7472	451.4952	4.7967	5.1447	0.2982	786.9593
390.0000	0.1707	1.5616	29.2571	0.0856	26.8359	1310.0859	440.8818	5.0058	5.3672	0.3097	785.4810
400.0000	0.0385	-0.4776	27.8486	0.0046	27.9949	1316.9984	430.3974	5.2239	5.5990	0.3215	784.0750
410.0000	0.2544	2.9896	26.4064	0.1477	29.2268	1324.5513	419.7178	5.4558	5.8454	0.3339	782.4801
420.0000	0.1769	1.8510	25.1156	0.0971	30.5336	1332.6064	408.6568	5.7021	6.1067	0.3468	780.8972
430.0000	0.1367	1.3149	23.8906	0.0720	31.8292	1341.0234	398.4936	5.9465	6.3658	0.3594	779.2369
440.0000	0.3772	3.0681	22.7401	0.8861	48.6215	650.5762	-1322.0489	8.4901	9.7243	1.0578	777.5145
450.0000	0.3013	2.7381	21.6004	0.1314	37.3513	1836.9790	962.2148	7.1045	7.4703	0.3135	775.6275
460.0000	0.3226	2.1526	20.6178	0.0713	37.7235	2996.3456	2292.1380	7.3139	7.5447	0.1979	773.8333
470.0000	0.3689	3.4720	19.6214	0.9273	43.3019	585.7033	-1348.7275	7.4564	8.6604	1.0320	771.8300
480.0000	0.5912	1.6461	18.7296	0.6696	39.7277	983.4738	-310.0808	7.2485	7.9455	0.5974	769.8565
490.0000	0.7945	3.6731	17.8736	0.7731	39.3787	1133.2013	-46.0959	7.2691	7.8757	0.5200	767.7771
500.0000	-0.0443	2.9140	17.0777	-0.0580	39.5852	1230.1506	103.2528	7.3519	7.9170	0.4844	765.6564
510.0000	0.1791	3.3098	16.3128	0.1319	40.1405	1284.3871	175.9625	7.4775	8.0281	0.4719	763.4233
520.0000	0.2895	3.9219	15.5876	0.2190	40.7077	1325.2156	227.2557	7.5992	8.1415	0.4648	761.1039
530.0000	0.0650	1.7489	14.9221	0.0342	41.5615	1350.1058	249.8264	7.7682	8.3123	0.4664	758.7771
540.0000	0.1001	1.8764	14.2648	0.0610	42.4862	1374.4061	270.4538	7.9502	8.4972	0.4689	756.2658
550.0000	0.1482	2.3154	13.6543	0.0987	43.4833	1389.5401	276.5742	8.1425	8.6967	0.4750	753.7167
560.0000	0.2433	3.2739	13.2353	0.1748	44.6285	1408.5606	286.2428	8.3641	8.9257	0.4813	751.8311
570.0000	0.3056	3.9429	12.9387	0.2263	45.7489	1424.7319	292.3378	8.5802	9.1498	0.4882	750.4223
580.0000	0.3025	3.8894	12.9191	0.2230	46.9017	1443.6520	302.1941	8.8036	9.3803	0.4943	750.3270
590.0000	0.3816	4.7999	12.9995	0.2915	48.1829	1456.0294	300.6343	9.0488	9.6366	0.5038	750.7163
600.0000	0.3505	4.4436	12.9003	0.2660	49.3888	1468.4140	300.4568	9.2801	9.8778	0.5123	750.2353
610.0000	0.2283	3.0367	12.7405	0.1651	50.7623	1482.9540	301.1420	9.5438	10.1525	0.5217	749.4447
620.0000	0.2310	3.0682	12.5212	0.1682	52.0288	1495.4050	300.5713	9.7868	10.4058	0.5305	748.3264
630.0000	0.2645	3.4549	12.2718	0.1968	53.4288	1508.8279	299.6662	10.0555	10.6858	0.5402	747.0066
640.0000	0.4784	5.9159	11.9697	0.3837	54.7662	1522.0457	299.6179	10.3125	10.9532	0.5492	745.3337
650.0000	0.3462	4.3936	11.6799	0.2687	56.1830	1532.9726	295.1673	10.5837	11.2366	0.5596	743.6481
660.0000	0.3057	3.9395	11.3456	0.2356	57.5809	1543.5316	290.6428	10.8513	11.5162	0.5699	741.5964
670.0000	0.3673	4.8794	11.0302	0.3099	58.9987	1555.7755	288.5800	11.1236	11.7997	0.5796	739.5469
660.0000	0.1012	-24.5306	1.0963	0.0672	57.5809	1543.5316	290.6428	10.8513	11.5162	0.5699	71.4687
690.0000	4.6617	28.0152	-1.2207	17.3071	61.7747	1578.0130	282.4955	11.6564	12.3549	0.5988	1479.8128
720.0000	0.0000	NaN	Inf	NaN	66.0405	1611.3983	273.3737	12.4759	13.2081	0.6276	813.4484
800.0000	0.5633	6.3708	25.5552	0.4913	77.4181	1694.5912	247.5492	14.6652	15.4836	0.7015	781.6174
810.0000	0.4703	5.6442	7.3521	0.4038	78.8535	1705.9655	246.3981	14.9424	15.7707	0.7100	702.8065
820.0000	0.4156	5.0793	7.1234	0.3548	80.3317	1713.8490	239.3012	15.2262	16.0663	0.7202	699.2549
830.0000	0.4069	4.9922	6.9455	0.3477	81.6310	1723.5638	237.6034	15.4770	16.3262	0.7279	696.3303
840.0000	0.3037	3.9919	6.7772	0.2548	83.2568	1733.6341	232.3228	15.7900	16.6514	0.7383	693.4212
850.0000	0.3717	4.6446	6.6137	0.3172	84.5537	1744.2732	232.3980	16.0410	16.9107	0.7455	690.4536
860.0000	0.3600	4.5317	6.4566	0.3076	86.0549	1754.3639	229.0744	16.3307	17.2110	0.7546	687.4621
870.0000	0.3974	4.8878	6.3124	0.3428	87.3345	1763.9518	227.9414	16.5781	17.4669	0.7618	684.5841
880.0000	0.3854	4.7688	6.1713	0.3330	88.8080	1772.9906	223.5517	16.8622	17.7616	0.7709	681.6376
890.0000	0.3849	4.7611	6.0364	0.3334	90.2413	1782.7298	220.9345	17.1391	18.0483	0.7793	678.6920
900.0000	0.4570	5.4186	5.9037	0.4025	91.6991	1791.5925	216.7162	17.4203	18.3398	0.7882	675.6620
910.0000	0.3746	4.6610	5.7811	0.3258	93.1241	1801.7731	215.1700	17.6960	18.6248	0.7961	672.7408
920.0000	0.4071	4.9523	5.6640	0.3572	94.5794	1810.9364	211.7179	17.9771	18.9159	0.8047	669.8305
930.0000	0.4722	5.5302	5.5492	0.4200	95.9867	1819.8572	208.5913	18.2490	19.1973	0.8128	666.8595
940.0000	0.4483	5.3213	5.4372	0.3977	97.4449	1831.1623	208.8281	18.5319	19.4890	0.8204	663.8411
950.0000	0.3527	4.4596	5.3336	0.3085	98.8256	1839.9975	206.1243	18.7989	19.7651	0.8282	660.9333
960.0000	0.4150	5.0156	5.2293	0.3676	100.1769	1849.5279	205.0225	19.0608	20.0354	0.8354	657.8911
970.0000	0.3555	4.4836	5.1357	0.3127	101.6813	1858.3531	200.9952	19.3515	20.3363	0.8441	655.0568
980.0000	0.3476	4.4143	5.0406	0.3064	103.1638	1866.4856	196.2148	19.6378	20.6328	0.8529	652.0691
990.0000	0.3263	4.2322	4.9501	0.2872	104.6538	1876.1986	194.0489	19.9264	20.9308	0.8609	649.1197
1000.0000	0.3572	4.4965	4.8634	0.3167	105.9637	1884.8713	192.4612	20.1802	21.1927	0.8679	646.1906
1010.0000	0.3830	4.7152	4.7796	0.3416	107.4264	1894.5869	190.8456	20.4638	21.4853	0.8755	643.2560
1020.0000	0.3376	4.3310	4.6981	0.2997	108.9711	1903.6378	187.2611	20.7628	21.7942	0.8841	640.3052
1030.0000	0.3078	4.0802	4.6179	0.2722	110.3677	1913.5376	186.9605	21.0340	22.0735	0.8910	637.2965
1040.0000	0.3665	4.5729	4.5415	0.3280	111.7889	1922.4906	184.8979	21.3095	22.3578	0.8985	634.3345
1050.0000	0.3640	4.5514	4.4704	0.3261	113.2341	1932.2317	183.9583	21.5901	22.6468	0.9057	631.4844
1060.0000	0.3515	4.4469	4.3982	0.3147	114.6345	1941.5059	182.8713	21.8620	22.9269	0.9128	628.4965
1070.0000	0.3605	4.5220	4.3282	0.3238	116.1004	1950.8227	181.1839	22.1465	23.2201	0.9202	625.5065
1080.0000	0.3343	4.3058	4.2628	0.2997	117.5949	1959.8044	178.7046	22.4363	23.5190	0.9280	622.6243
1090.0000	0.3468	4.4079	4.1968	0.3117	118.9986	1969.3994	178.4007	22.7092	23.7997	0.9347	619.6204
1100.0000	0.3166	4.1627	4.1333	0.2839	120.4916	1977.7764	175.1228	22.9986	24.0983	0.9426	616.6445
1110.0000	0.3253	4.2327	4.0721	0.2924	121.8755	1987.1699	174.8938	23.2678	24.3751	0.9491	613.6874
1120.0000	0.3911	4.7663	4.0114	0.3557	123.3260	1995.5535	172.2990	23.5492	24.6652	0.9566	610.6657
1130.0000	0.3332	4.2983	3.9524	0.3009	124.7861	2005.0271	171.5094	23.8331	24.9572	0.9635	607.6363
1140.0000	0.3530	4.4583	3.8962	0.3201	126.1082	2013.0236	169.8987	24.0899	25.2216	0.9700	604.6659
1150.0000	0.3669	4.5693	3.8408	0.3338	127.5397	2021.8401	168.5022	24.3681	25.5079	0.9770	601.6553
1160.0000	0.3762	4.6441	3.7876	0.3432	128.9274	2030.4074	167.2637	24.6379	25.7855	0.9836	598.6809
1170.0000	0.3258	4.2420	3.7353	0.2956	130.3620	2038.6872	165.0937	24.9166	26.0724	0.9907	595.6772
1180.0000	0.3313	4.2869	3.6865	0.3014	131.8342	2047.2354	163.0386	25.2026	26.3668	0.9979	592.7938
1190.0000	0.3189	4.1906	3.6354	0.2900	133.2400	2055.4235	161.1963	25.4759	26.6480	1.0047	589.6936
1200.0000	0.3060	4.0882	3.5885	0.2779	134.5336	2063.8413	161.0625	25.7278	26.9067	1.0105	586.7671
1210.0000	0.2891	3.9564	3.5421	0.2622	135.8766	2071.9493	159.9262	25.9891	27.1753	1.0168	583.7993
1220.0000	0.3045	4.0781	3.4960	0.2772	137.1949	2079.7256	158.5679	26.2455	27.4390	1.0230	580.7688
1230.0000	0.3054	4.0852	3.4522	0.2783	138.4727	2087.4239	157.5865	26.4942	27.6945	1.0288	577.8165
1240.0000	0.2943	4.0006	3.4093	0.2681	139.8663	2095.5690	156.1605	26.7654	27.9733	1.0353	574.8525
1250.0000	0.2840	3.9210	3.3662	0.2586	141.0902	2102.7893	155.0794	27.0036	28.2180	1.0410	571.7967
1260.0000	0.2820	3.9143	3.3262	0.2572	142.3438	2108.8507	151.7610	27.2469	28.4688	1.0473	568.8929
1270.0000	0.2761	3.8667	3.2879	0.2518	143.5604	2116.5516	151.6845	27.4841	28.7121	1.0526	566.0402
1280.0000	0.2857	3.9387	3.2480	0.2611	144.7684	2123.9865	151.3022	27.7195	28.9537	1.0579	563.0020
1290.0000	0.2693	3.8153	3.2105	0.2458	145.9713	2130.7725	149.9220	27.9536	29.1943	1.0634	560.0790
1300.0000	0.2765	3.8730	3.1739	0.2529	147.1152	2137.0507	148.3560	28.1762	29.4230	1.0687	557.1524
1310.0000	0.3103	4.1301	3.1386	0.2854	148.3047	2144.2865	147.9823	28.4080	29.6609	1.0739	554.2733
1320.0000	0.2749	3.8611	3.1043	0.2519	149.5469	2151.3369	146.7791	28.6500	29.9094	1.0795	551.4071
1330.0000	0.2590	3.7382	3.0711	0.2368	150.5707	2157.4725	146.3821	28.8496	30.1141	1.0839	548.5745
1340.0000	0.2546	3.7057	3.0402	0.2329	151.6537	2163.6780	145.5134	29.0606	30.3307	1.0887	545.8845
1350.0000	0.2300	3.5161	3.0092	0.2097	152.6904	2169.8097	145.0463	29.2627	30.5381	1.0932	543.1253
1360.0000	0.2270	3.4951	2.9794	0.2070	153.7941	2176.0275	144.0560	29.4777	30.7588	1.0981	540.4285
1370.0000	0.2482	3.6571	2.9503	0.2273	154.7990	2181.6964	143.2021	29.6735	30.9598	1.1025	537.7312
1380.0000	0.2337	3.5475	2.9236	0.2137	155.8000	2187.3475	142.3913	29.8686	31.1600	1.1069	535.2154
1390.0000	0.2165	3.4755	2.8965	0.2044	156.8209	2192.8307	141.1163	30.0675	31.3642	1.1115	532.6097
1380.0000	-0.1582	-24.5381	1.0975	-0.1496	155.8000	2187.3475	142.3913	29.8686	31.1600	1.1069	71.4687
1410.0000	8.8038	27.2942	-1.1911	18.1460	158.7563	2203.8388	139.8411	30.4448	31.7513	1.1198	1479.8128
1440.0000	0.0000	NaN	Inf	NaN	161.4480	2219.1097	138.1947	30.9698	32.2896	1.1313	804.4328
1520.0000	0.0233	2.7088	9.3580	0.0169	167.5959	2252.3888	132.4963	32.1685	33.5192	1.1577	718.4707
1530.0000	0.2342	3.5613	2.6707	0.2161	168.2698	2256.2822	132.3634	32.3001	33.6540	1.1604	503.2299
1540.0000	0.2324	3.5476	2.6368	0.2146	168.9241	2259.5820	131.4160	32.4276	33.7848	1.1633	499.3537
1550.0000	0.2416	3.6150	2.6197	0.2234	169.5836	2263.3057	131.1616	32.5564	33.9167	1.1660	497.3666
1560.0000	0.2247	3.4900	2.6032	0.2074	170.2957	2266.9817	130.3043	32.6952	34.0591	1.1691	495.4188
1570.0000	0.2532	3.7084	2.5877	0.2349	170.8368	2269.4496	129.0989	32.8005	34.1674	1.1716	493.5617
1580.0000	0.2344	3.5729	2.5742	0.2170	171.4031	2272.0948	127.9543	32.9108	34.2806	1.1741	491.9311
1590.0000	0.2407	3.5969	2.5601	0.2228	171.8697	2276.6426	131.1184	33.0030	34.3739	1.1751	490.2144
1600.0000	0.2204	3.4587	2.5465	0.2037	172.5232	2278.8835	128.4114	33.1298	34.5046	1.1784	488.5408
1610.0000	0.2296	3.5430	2.5337	0.2127	173.0208	2280.2667	125.7972	33.2262	34.6042	1.1811	486.9403
1620.0000	0.1845	3.2212	2.5209	0.1697	173.6556	2283.0099	124.1662	33.3497	34.7311	1.1841	485.3241
1630.0000	0.2016	3.3529	2.5088	0.1862	174.2120	2285.5836	123.0379	33.4580	34.8424	1.1866	483.7836
1640.0000	0.2295	3.5604	2.4972	0.2131	174.6692	2287.6662	122.0617	33.5470	34.9338	1.1887	482.3038
1650.0000	0.2148	3.4574	2.4859	0.1991	174.9598	2288.8882	121.2673	33.6036	34.9920	1.1901	480.8358
1660.0000	0.2258	3.5360	2.4751	0.2097	175.4554	2291.5976	121.0035	33.7003	35.0911	1.1921	479.4191
1670.0000	0.2415	3.6517	2.4646	0.2249	175.8632	2293.5514	120.3125	33.7798	35.1726	1.1939	478.0370
1680.0000	0.2070	3.4008	2.4553	0.1917	176.2483	2295.7204	120.2270	33.8550	35.2497	1.1954	476.8011
1690.0000	0.1956	3.3211	2.4451	0.1810	176.6000	2297.4224	119.6681	33.9236	35.3200	1.1969	475.4379
1700.0000	0.1618	3.0748	2.4364	0.1486	176.8655	2298.9021	119.5862	33.9755	35.3731	1.1980	474.2606
1710.0000	0.2015	3.3606	2.4270	0.1866	177.2140	2300.7564	119.3293	34.0435	35.4428	1.1994	472.9796
1720.0000	0.2001	3.3491	2.4187	0.1853	177.4508	2302.0242	119.1707	34.0897	35.4902	1.2004	471.8456
1730.0000	0.2053	3.3875	2.4099	0.1904	177.7771	2303.6952	118.8223	34.1534	35.5554	1.2018	470.6281
1740.0000	0.1840	3.2316	2.4021	0.1700	178.0542	2305.2244	118.7196	34.2075	35.6108	1.2029	469.5459
1750.0000	0.2068	3.3963	2.3945	0.1919	178.3763	2306.9377	118.4911	34.2704	35.6753	1.2042	468.4818
1760.0000	0.2504	3.7130	2.3881	0.2339	178.5313	2307.5793	118.0644	34.3005	35.7063	1.2049	467.5844
1770.0000	0.2045	3.3815	2.3819	0.1898	178.8413	2309.2238	117.8410	34.3611	35.7683	1.2062	466.7081
1780.0000	0.1812	3.2109	2.3764	0.1674	179.0274	2310.2817	117.8308	34.3975	35.8055	1.2069	465.9269
1790.0000	0.2227	3.5108	2.3701	0.2073	179.4231	2312.4554	117.6820	34.4747	35.8846	1.2085	465.0211
1800.0000	0.2238	3.5178	2.3649	0.2084	179.5058	2312.8856	117.6091	34.4909	35.9012	1.2088	464.2725
1810.0000	0.2054	3.3796	2.3606	0.1907	179.7370	2314.4163	117.9774	34.5362	35.9474	1.2096	463.6604
1820.0000	0.1903	3.2705	2.3562	0.1762	179.8578	2314.9606	117.7264	34.5597	35.9716	1.2101	463.0252
1830.0000	0.2062	3.3852	2.3513	0.1915	180.1735	2316.7338	117.6809	34.6214	36.0347	1.2114	462.3105
1840.0000	0.2347	3.5947	2.3468	0.2190	180.3238	2317.3184	117.2092	34.6507	36.0648	1.2121	461.6547
1850.0000	0.1971	3.3192	2.3438	0.1827	180.5624	2318.7307	117.3032	34.6973	36.1125	1.2130	461.2224
1860.0000	0.2031	3.3587	2.3394	0.1885	180.5613	2318.9223	117.6473	34.6973	36.1123	1.2129	460.5712
1870.0000	0.2018	3.3503	2.3359	0.1873	180.8284	2320.2611	117.3334	34.7494	36.1657	1.2140	460.0478
1880.0000	0.1899	3.2660	2.3326	0.1759	181.1450	2321.8532	116.9728	34.8111	36.2290	1.2153	459.5678
1890.0000	0.1883	3.2532	2.3293	0.1744	181.2407	2322.3907	116.9613	34.8298	36.2481	1.2157	459.0732
1900.0000	0.1782	3.1745	2.3261	0.1647	181.3807	2323.4006	117.3365	34.8573	36.2761	1.2161	458.6004
1910.0000	0.1716	3.1274	2.3225	0.1584	181.5784	2324.3812	117.0892	34.8959	36.3157	1.2170	458.0698
1920.0000	0.1901	3.2605	2.3192	0.1761	181.6556	2324.8560	117.1535	34.9110	36.3311	1.2172	457.5782
1930.0000	0.1923	3.2794	2.3163	0.1783	181.8130	2325.5393	116.7891	34.9417	36.3626	1.2179	457.1448
1940.0000	0.2134	3.4305	2.3138	0.1986	181.9778	2326.6276	117.0569	34.9740	36.3956	1.2185	456.7692
1950.0000	0.1687	3.1043	2.3111	0.1557	182.1685	2327.5601	116.7988	35.0112	36.4337	1.2193	456.3603
1960.0000	0.1613	3.0476	2.3087	0.1486	182.3325	2328.5769	116.9516	35.0433	36.4665	1.2199	456.0020
1970.0000	0.1919	3.2679	2.3065	0.1779	182.3614	2328.8996	117.2286	35.0490	36.4723	1.2199	455.6610
1980.0000	0.2087	3.3928	2.3038	0.1941	182.5581	2329.8801	116.9972	35.0874	36.5116	1.2207	455.2587
1990.0000	0.2093	3.3945	2.3014	0.1946	182.6649	2330.6126	117.2208	35.1084	36.5330	1.2211	454.8946
2000.0000	0.2187	3.4606	2.2986	0.2036	182.8248	2331.6393	117.4329	35.1397	36.5650	1.2216	454.4660
2010.0000	0.1487	2.9426	2.2974	0.1366	182.8474	2331.7933	117.4786	35.1442	36.5695	1.2217	454.2858
2020.0000	0.1899	3.2469	2.2947	0.1760	182.9624	2332.4074	117.4160	35.1666	36.5925	1.2222	453.8777
2030.0000	0.1968	3.3010	2.2920	0.1826	183.2133	2333.5612	116.9558	35.2155	36.6427	1.2233	453.4530
2040.0000	0.1667	3.0806	2.2904	0.1538	183.2930	2333.8904	116.7449	35.2310	36.6586	1.2236	453.2162
2050.0000	0.1910	3.3012	2.2885	0.1829	183.4731	2335.0414	116.9780	35.2663	36.6946	1.2243	452.9146
