0.0000	0.0000	NaN	Inf	NaN	-7.4327	102.9406	884.7722	-0.7748	-1.4865	-0.6101	824.2081
80.0000	1.0467	18.5979	-360.2762	0.7234	9.6669	925.6910	581.1293	1.7542	1.9334	0.1536	826.4958
90.0000	-0.7342	-15.6643	-88.5906	-0.2046	12.2030	937.1479	536.3240	2.2169	2.4406	0.1918	833.5117
100.0000	-1.0537	-19.0737	-86.8737	-0.3179	15.6725	958.4540	484.5697	2.8530	3.1345	0.2413	833.6955
110.0000	-0.9867	-15.5982	-92.5506	-0.3662	20.0916	993.2731	433.6438	3.6690	4.0183	0.2994	833.1136
120.0000	-1.4012	-18.8610	-111.4631	-0.5544	25.4328	1038.9072	384.3824	4.6622	5.0866	0.3638	831.6025
130.0000	-1.9349	-22.4805	-142.7496	-0.8009	31.3663	1090.6349	339.8176	5.7727	6.2733	0.4290	829.9819
140.0000	-4.6167	-47.8911	-355.4072	-1.4955	37.5457	1144.9869	302.7150	6.9362	7.5091	0.4911	826.5271
150.0000	6.7598	65.3442	451.7947	-10.6778	43.7460	1198.5751	271.6670	8.1094	8.7492	0.5484	822.3838
160.0000	4.6900	42.2151	154.2912	35.8170	49.6707	1249.5390	247.9015	9.2352	9.9341	0.5991	818.8662
170.0000	2.6055	22.6096	101.8649	3.7592	55.2634	1296.6137	228.7511	10.3013	11.0527	0.6440	816.1169
180.0000	2.2061	18.4958	77.8072	2.7528	60.2340	1337.9141	214.4664	11.2515	12.0468	0.6817	813.6151
190.0000	1.4154	12.0903	61.0979	1.4797	64.8451	1375.4607	202.6895	12.1347	12.9690	0.7151	810.7181
200.0000	1.0401	9.1710	47.6536	1.0202	69.0157	1408.5580	192.6657	12.9347	13.8031	0.7444	806.9123
210.0000	1.6926	13.3166	36.5924	1.8406	72.7931	1438.2546	184.7058	13.6604	14.5586	0.7699	801.6841
220.0000	1.3185	10.6766	27.9867	1.3509	76.1227	1464.1664	178.4185	14.3008	15.2245	0.7917	794.7581
230.0000	1.1371	9.4211	21.3703	1.1360	79.2179	1488.1993	173.4211	14.8969	15.8436	0.8114	785.6401
240.0000	1.1053	9.1446	16.6650	1.1006	81.9947	1509.0192	168.3744	15.4318	16.3989	0.8290	774.7507
250.0000	0.6912	6.5373	13.3487	0.6551	84.5108	1527.5110	163.7136	15.9167	16.9022	0.8446	762.4636
260.0000	0.8024	7.1697	11.0020	0.7727	86.8208	1543.3762	157.9232	16.3616	17.3642	0.8593	749.2938
270.0000	0.5009	5.3478	9.3602	0.4671	88.9599	1559.2621	155.0556	16.7746	17.7920	0.8720	736.1540
280.0000	0.6712	6.4013	8.1626	0.6386	90.9127	1574.7026	154.4207	17.1524	18.1825	0.8829	723.2348
290.0000	0.6737	6.4281	7.2936	0.6420	92.8415	1589.2368	152.8055	17.5254	18.5683	0.8939	711.2034
300.0000	0.6681	6.3403	6.6437	0.6383	94.6633	1600.0631	146.3482	17.8761	18.9327	0.9056	700.1504
310.0000	0.5295	5.5196	6.1460	0.4992	96.2947	1612.4361	145.5511	18.1920	19.2589	0.9145	690.1041
320.0000	0.4919	5.2876	5.7548	0.4629	98.0897	1624.8990	142.8295	18.5390	19.6179	0.9248	680.9868
330.0000	0.5016	5.3437	5.4374	0.4733	99.7827	1636.8467	140.8086	18.8665	19.9565	0.9343	672.6269
340.0000	0.5278	5.4981	5.1834	0.4999	101.4342	1648.5019	139.0229	19.1862	20.2868	0.9434	665.1978
350.0000	0.5138	5.4091	4.9677	0.4868	103.0660	1659.7278	136.9116	19.5020	20.6132	0.9525	658.2953
360.0000	0.5822	5.8215	4.7900	0.5556	104.6532	1671.2799	136.1615	19.8097	20.9306	0.9608	652.1379
370.0000	0.4729	5.1599	4.6401	0.4475	106.1792	1681.2465	133.5333	20.1049	21.2358	0.9693	646.5792
380.0000	0.4921	5.2755	4.5116	0.4668	107.8193	1693.1013	132.9312	20.4231	21.5639	0.9778	641.5230
390.0000	0.4653	5.1108	4.3979	0.4410	109.4154	1703.7288	130.8595	20.7323	21.8831	0.9864	636.7969
400.0000	0.5608	5.6673	4.2946	0.5366	111.0887	1715.2032	129.4496	21.0567	22.2177	0.9951	632.2887
410.0000	0.5284	5.4712	4.2038	0.5048	112.6873	1725.9555	127.8737	21.3667	22.5375	1.0035	628.1432
420.0000	0.4310	4.8973	4.1203	0.4090	114.3955	1736.8979	125.3571	21.6977	22.8791	1.0126	624.1744
430.0000	0.6185	5.9544	4.0411	0.5968	116.0290	1747.2998	122.9874	22.0143	23.2058	1.0213	620.2533
440.0000	0.5070	5.3242	3.9671	0.4851	117.6983	1758.9933	122.6488	22.3387	23.5397	1.0294	616.4470
450.0000	0.5276	5.4244	3.8977	0.5065	119.3652	1769.2530	119.8815	22.6617	23.8730	1.0383	612.7493
460.0000	0.5024	5.2835	3.8324	0.4816	121.0265	1780.5704	119.2568	22.9845	24.2053	1.0464	609.1455
470.0000	0.4959	5.2490	3.7690	0.4754	122.7859	1792.6447	118.9128	23.3266	24.5572	1.0548	605.5281
480.0000	0.5345	5.4571	3.7077	0.5145	124.5296	1803.7857	117.2210	23.6652	24.9059	1.0635	601.9127
490.0000	0.5012	5.2700	3.6496	0.4816	126.2397	1815.0831	116.3849	23.9976	25.2479	1.0717	598.3712
500.0000	0.5518	5.5340	3.5922	0.5329	127.9636	1825.5053	113.9190	24.3322	25.5927	1.0804	594.7670
510.0000	0.5536	5.5478	3.5359	0.5349	129.7377	1837.4137	113.6919	24.6774	25.9475	1.0887	591.1142
520.0000	0.5003	5.2529	3.4818	0.4819	131.5341	1849.0297	112.8041	25.0268	26.3068	1.0972	587.4922
530.0000	0.5039	5.2657	3.4294	0.4860	133.3138	1860.0700	111.2126	25.3728	26.6628	1.1057	583.8720
540.0000	0.4995	5.2402	3.3779	0.4819	135.1019	1871.4974	110.3730	25.7207	27.0204	1.1140	580.2094
550.0000	0.4197	4.8057	3.3272	0.4030	136.9604	1883.3004	109.5125	26.0824	27.3921	1.1226	576.4903
560.0000	0.5386	5.4456	3.2768	0.5218	138.8209	1894.8339	108.2830	26.4444	27.7642	1.1313	572.6767
570.0000	0.5030	5.2441	3.2290	0.4866	140.6046	1905.4486	106.4283	26.7912	28.1209	1.1397	568.9538
580.0000	0.5187	5.3342	3.1826	0.5024	142.4337	1917.3539	106.5423	27.1477	28.4867	1.1477	565.2340
590.0000	0.5271	5.3754	3.1362	0.5112	144.3367	1929.0005	105.4444	27.5183	28.8673	1.1564	561.4035
600.0000	0.4954	5.2053	3.0910	0.4797	146.0146	1939.3472	104.7414	27.8451	29.2029	1.1639	557.5627
610.0000	0.5228	5.3513	3.0474	0.5074	147.7759	1950.1294	103.9793	28.1882	29.5552	1.1717	553.7412
620.0000	0.4958	5.1994	3.0044	0.4809	149.6322	1960.9624	102.3252	28.5496	29.9264	1.1802	549.8711
630.0000	0.5086	5.2609	2.9621	0.4940	151.3703	1971.1017	100.8890	28.8881	30.2741	1.1880	545.9587
640.0000	0.4250	4.8170	2.9204	0.4111	153.0786	1980.9683	99.4041	29.2207	30.6157	1.1957	541.9836
650.0000	0.4837	5.1275	2.8796	0.4696	154.6989	1990.9272	99.2073	29.5368	30.9398	1.2026	537.9884
660.0000	0.4769	5.0963	2.8396	0.4630	156.2392	2000.4411	99.1957	29.8373	31.2478	1.2090	533.9522
670.0000	0.5065	5.2574	2.7999	0.4954	157.9757	2010.1640	97.4277	30.1755	31.5951	1.2168	529.8427
660.0000	-0.3808	-24.5101	1.0948	-0.3569	156.2392	2000.4411	99.1957	29.8373	31.2478	1.2090	71.4687
690.0000	13.7683	29.0104	-1.2621	37.1495	161.0618	2027.7413	95.0998	30.7770	32.2124	1.2303	1479.8128
720.0000	0.0000	NaN	Inf	NaN	165.4032	2052.7582	92.9142	31.6237	33.0806	1.2488	825.6478
800.0000	0.3806	4.5200	8.4914	0.3709	175.6845	2107.7189	82.2095	33.6281	35.1369	1.2933	728.4139
810.0000	0.1505	3.4722	2.4274	0.1446	176.7291	2113.1749	81.0663	33.8318	35.3458	1.2978	485.5114
820.0000	0.1736	3.5955	2.3895	0.1674	178.0645	2119.7334	78.8738	34.0919	35.6129	1.3037	480.1146
830.0000	0.2024	3.7458	2.3667	0.1959	179.0530	2124.2082	76.5739	34.2843	35.8106	1.3083	476.7903
840.0000	0.3242	4.3037	2.3450	0.3161	180.1661	2129.9349	75.3031	34.5013	36.0332	1.3130	473.5594
850.0000	0.2044	3.7785	2.3250	0.1982	181.2480	2134.8378	72.8608	34.7119	36.2496	1.3180	470.5365
860.0000	0.2549	4.0007	2.3044	0.2481	182.2207	2140.1922	72.4651	34.9019	36.4441	1.3219	467.3573
870.0000	0.2127	3.8317	2.2855	0.2068	183.3539	2145.3106	69.9418	35.1225	36.6708	1.3271	464.3935
880.0000	0.1442	3.5774	2.2676	0.1397	184.2084	2148.2839	66.4001	35.2882	36.8417	1.3315	461.5489
890.0000	0.1545	3.6179	2.2504	0.1499	185.2588	2154.1085	66.1414	35.4935	37.0518	1.3356	458.7600
900.0000	0.1517	3.6112	2.2337	0.1472	186.2048	2159.0439	65.3538	35.6782	37.2410	1.3395	456.0158
910.0000	0.1252	3.5279	2.2170	0.1214	187.1319	2163.1313	63.1995	35.8587	37.4264	1.3437	453.2241
920.0000	0.1959	3.8193	2.2013	0.1911	188.1253	2167.9258	61.6951	36.0524	37.6251	1.3480	450.5731
930.0000	0.0569	3.3063	2.1868	0.0544	189.0059	2171.8623	59.7946	36.2239	37.8012	1.3520	448.0846
940.0000	0.3060	4.2542	2.1714	0.3006	189.9319	2176.6307	59.0003	36.4047	37.9864	1.3557	445.4120
950.0000	0.1047	3.5148	2.1576	0.1016	190.7982	2180.6378	57.4240	36.5735	38.1596	1.3595	442.9857
960.0000	0.1886	3.8441	2.1438	0.1846	191.5751	2183.7980	55.2128	36.7246	38.3150	1.3632	440.5126
970.0000	0.1593	3.7426	2.1309	0.1556	192.4605	2188.4426	54.6740	36.8976	38.4921	1.3667	438.1772
980.0000	0.0931	3.5336	2.1182	0.0903	193.2836	2192.0272	52.8109	37.0579	38.6567	1.3704	435.8530
990.0000	0.1526	3.7637	2.1056	0.1493	194.1044	2195.4191	50.6258	37.2177	38.8209	1.3742	433.5186
1000.0000	0.2096	3.9391	2.0941	0.2058	194.8104	2199.9978	51.8922	37.3563	38.9621	1.3764	431.3839
1010.0000	0.1401	3.7174	2.0828	0.1369	195.5256	2203.1802	50.4438	37.4956	39.1051	1.3795	429.2260
1020.0000	0.0934	3.6019	2.0714	0.0910	196.3658	2206.4222	47.8214	37.6590	39.2732	1.3835	427.0601
1030.0000	0.2146	4.0067	2.0605	0.2114	197.0869	2209.1803	45.5377	37.7993	39.4174	1.3869	424.9510
1040.0000	0.1312	3.7765	2.0498	0.1287	197.8791	2212.5458	43.6772	37.9536	39.5758	1.3905	422.8535
1050.0000	0.1558	3.8702	2.0394	0.1532	198.4255	2214.5662	41.8339	38.0598	39.6851	1.3931	420.7973
1060.0000	0.0349	3.1509	2.0302	0.0330	204.8598	2258.7628	59.2416	39.3255	40.9720	1.4113	418.9625
1070.0000	0.1229	1.6931	2.0221	0.1124	197.0651	2279.0164	175.7804	37.8427	39.4130	1.3460	417.3287
1080.0000	0.0814	1.2269	2.0128	0.0740	197.6224	2280.7455	173.3450	37.9509	39.5245	1.3488	415.4469
1090.0000	0.0762	1.2626	2.0045	0.0694	199.2186	2286.2686	167.4521	38.2611	39.8437	1.3566	413.7584
1100.0000	0.0365	0.9340	1.9956	0.0327	200.5292	2289.7929	160.7897	38.5151	40.1058	1.3635	411.9076
1110.0000	0.0798	1.5204	1.9865	0.0733	201.5753	2292.0153	154.4047	38.7175	40.3151	1.3693	410.0217
1120.0000	0.0369	1.1975	1.9791	0.0333	202.5887	2293.8147	147.5792	38.9134	40.5177	1.3751	408.4569
1130.0000	-0.0098	0.8194	1.9715	-0.0103	203.5035	2296.2574	142.9453	39.0908	40.7007	1.3799	406.8498
1140.0000	-0.0358	0.6972	1.9633	-0.0346	204.5635	2298.9002	137.2459	39.2962	40.9127	1.3856	405.1162
1150.0000	2.1605	0.9223	1.9558	2.1623	207.1657	2225.6266	-27.3859	39.7443	41.4331	1.4475	403.4841
1160.0000	0.9795	0.8019	1.9485	1.0004	208.2732	2203.7144	-81.1758	39.9406	41.6546	1.4692	401.9223
1170.0000	0.8724	0.2857	1.9417	0.8989	208.5050	2189.4642	-111.3728	39.9744	41.7010	1.4800	400.4350
1180.0000	0.7248	0.5416	1.9362	0.7581	208.7238	2173.3872	-145.2294	40.0041	41.7448	1.4920	399.2187
1190.0000	0.6190	1.0212	1.9388	0.6577	209.0041	2158.5025	-177.6280	40.0463	41.8008	1.5039	399.7863
1200.0000	0.5716	1.0505	1.9240	0.6159	209.4148	2143.4295	-212.0276	40.1131	41.8830	1.5170	396.5060
1210.0000	0.5576	0.6545	1.9081	0.6086	209.8261	2126.3597	-250.7224	40.1783	41.9652	1.5317	392.9432
1220.0000	0.5064	1.1056	1.8947	0.5631	210.3789	2109.4945	-290.8708	40.2704	42.0758	1.5474	389.8704
1230.0000	0.4862	1.1102	1.8837	0.5494	210.8380	2092.0616	-331.5203	40.3439	42.1676	1.5632	387.3403
1240.0000	0.4734	1.0509	1.8744	0.5431	211.3584	2076.0395	-370.2931	40.4300	42.2717	1.5786	385.1621
1250.0000	0.4670	0.8879	1.8669	0.5431	211.7589	2060.2305	-407.6286	40.4930	42.3518	1.5932	383.3803
1260.0000	0.4569	0.9341	1.8598	0.5380	212.1175	2047.5059	-438.3152	40.5505	42.4235	1.6054	381.7001
1270.0000	0.4480	1.0279	1.8514	0.5329	212.6360	2038.4124	-463.3162	40.6417	42.5272	1.6162	379.6836
1280.0000	0.4542	0.8002	1.8498	0.5396	213.3110	2041.4512	-464.4423	40.7734	42.6622	1.6190	379.3089
1290.0000	0.4866	0.3616	1.8524	0.5616	213.3858	2073.7239	-397.4533	40.8158	42.6772	1.5955	379.9371
1300.0000	0.5100	0.3532	1.8533	0.5755	213.5828	2102.4709	-340.0602	40.8778	42.7166	1.5760	380.1441
1310.0000	0.5171	0.7399	1.8525	0.5745	213.6321	2124.9281	-294.6147	40.9059	42.7264	1.5604	379.9455
1320.0000	0.5583	0.4086	1.8514	0.6101	213.8239	2144.3572	-257.2614	40.9584	42.7648	1.5483	379.6817
1330.0000	0.5899	0.4620	1.8493	0.6355	214.0155	2163.8484	-220.0900	41.0107	42.8031	1.5363	379.1840
1340.0000	0.6017	0.8204	1.8467	0.6420	214.2044	2179.6696	-190.4914	41.0594	42.8409	1.5270	378.5621
1350.0000	0.6436	0.7674	1.8444	0.6799	214.4990	2193.8636	-165.4067	41.1270	42.8998	1.5196	377.9905
1360.0000	0.6879	0.8312	1.8418	0.7200	214.7847	2207.7386	-140.9918	41.1924	42.9569	1.5124	377.3700
1370.0000	0.8112	0.3006	1.8402	0.8391	215.0346	2220.5528	-118.4122	41.2501	43.0069	1.5058	376.9707
1380.0000	0.8746	0.5000	1.8377	0.8989	215.2674	2231.7640	-98.8899	41.3033	43.0535	1.5002	376.3565
1390.0000	0.8853	1.1929	1.8339	0.9089	215.5533	2243.3589	-79.2455	41.3668	43.1107	1.4947	375.4232
1380.0000	1.0874	-24.6060	1.0951	1.1076	215.2674	2231.7640	-98.8899	41.3033	43.0535	1.5002	71.4687
1410.0000	-45.0287	28.9225	-1.2536	-106.1754	216.9829	2277.3472	-28.0792	41.6663	43.3966	1.4831	1479.8128
1440.0000	0.0000	NaN	Inf	NaN	216.5844	2295.2637	10.2241	41.6028	43.3169	1.4693	823.1755
1520.0000	-8.9885	1.6723	6.2362	-8.8159	219.0527	2306.5661	7.1468	42.0850	43.8105	1.4790	691.1752
1530.0000	-3.3314	2.4539	1.7927	-3.3276	219.3638	2308.0230	6.8301	42.1459	43.8728	1.4802	363.9851
1540.0000	-1.9949	3.2766	1.7791	-2.0028	219.6206	2309.0184	6.1748	42.1959	43.9241	1.4813	360.4773
1550.0000	-3.0571	3.0027	1.7758	-3.0652	219.8819	2309.8982	5.2556	42.2467	43.9764	1.4825	359.6163
1560.0000	-3.8771	3.0770	1.7721	-3.8907	220.0919	2310.3358	4.0036	42.2874	44.0184	1.4837	358.6574
1570.0000	-5.1827	3.0251	1.7683	-5.2009	220.3241	2311.1072	3.1681	42.3326	44.0648	1.4848	357.6634
1580.0000	-6.4963	2.8466	1.7651	-6.5133	220.5683	2312.2270	2.8812	42.3803	44.1137	1.4857	356.8140
1590.0000	-10.0129	2.5309	1.7632	-10.0237	220.8995	2313.6357	2.2823	42.4450	44.1799	1.4871	356.3061
1600.0000	-8.0869	3.0174	1.7602	-8.1181	221.0479	2314.2990	2.0765	42.4740	44.2096	1.4877	355.5074
1610.0000	-3.9656	3.1581	1.7575	-3.9821	221.3479	2316.6775	3.6445	42.5333	44.2696	1.4882	354.7900
1620.0000	-5.2778	3.2002	1.7548	-5.3026	221.6158	2317.5710	2.6960	42.5854	44.3232	1.4895	354.0693
1630.0000	-9.7116	3.0560	1.7527	-9.7528	221.6969	2317.4622	1.6838	42.6009	44.3394	1.4901	353.5213
1640.0000	-16.3870	3.1861	1.7503	-16.4724	221.9290	2318.2628	0.9140	42.6461	44.3858	1.4912	352.8632
1650.0000	122.5131	3.3579	1.7478	123.3068	222.2078	2319.1738	-0.1076	42.7004	44.4416	1.4925	352.1840
1660.0000	6.1322	3.1817	1.7457	6.1712	222.4779	2319.2454	-2.6461	42.7523	44.4956	1.4942	351.6386
1670.0000	10.4978	3.0521	1.7435	10.5541	222.6380	2320.5884	-1.6626	42.7840	44.5276	1.4945	351.0326
1680.0000	7.2232	3.1131	1.7415	7.2660	222.8120	2321.1338	-2.3416	42.8179	44.5624	1.4953	350.4818
1690.0000	4.9782	3.1186	1.7392	5.0098	223.1373	2322.2334	-3.4569	42.8812	44.6275	1.4968	349.8786
1700.0000	5.2364	3.0214	1.7374	5.2671	223.2726	2322.9031	-3.5138	42.9077	44.6545	1.4973	349.3683
1710.0000	3.9711	3.2292	1.7353	3.9994	223.4747	2323.6778	-4.0305	42.9471	44.6949	1.4982	348.8176
1720.0000	4.0171	3.1499	1.7332	4.0444	223.6717	2324.5867	-4.2379	42.9856	44.7343	1.4989	348.2233
1730.0000	3.4150	3.1732	1.7313	3.4394	223.9301	2325.5383	-4.9704	43.0359	44.7860	1.5001	347.7148
1740.0000	2.6898	3.2534	1.7293	2.7112	223.9953	2325.2938	-6.0824	43.0483	44.7991	1.5007	347.1557
1750.0000	2.6760	3.1192	1.7274	2.6961	224.2783	2326.3729	-6.8127	43.1035	44.8557	1.5019	346.6464
1760.0000	2.3968	3.1884	1.7258	2.4161	224.3886	2326.6763	-7.3206	43.1249	44.8777	1.5024	346.1849
1770.0000	2.5789	3.0202	1.7240	2.5978	224.5922	2327.5644	-7.6297	43.1646	44.9184	1.5033	345.7027
1780.0000	2.4077	3.1450	1.7221	2.4268	224.9762	2329.6023	-7.5161	43.2399	44.9952	1.5046	345.1645
1790.0000	2.3395	3.1361	1.7202	2.3581	224.9791	2329.4604	-7.8162	43.2404	44.9958	1.5047	344.6403
1800.0000	2.2133	3.1491	1.7186	2.2315	225.1559	2330.1439	-8.2504	43.2748	45.0312	1.5054	344.1868
1810.0000	2.2763	3.1720	1.7169	2.2949	225.3088	2331.1527	-7.8255	43.3050	45.0618	1.5058	343.7144
1820.0000	1.9229	3.3866	1.7151	1.9407	225.5252	2332.2149	-7.9241	43.3473	45.1050	1.5066	343.2307
1830.0000	2.3597	3.1437	1.7135	2.3786	225.6894	2333.2022	-7.6498	43.3796	45.1379	1.5071	342.7711
1840.0000	2.0123	3.2314	1.7118	2.0299	225.8143	2333.3478	-8.6011	43.4037	45.1629	1.5078	342.2866
1850.0000	1.8232	3.3540	1.7105	1.8403	225.9433	2333.9620	-8.6948	43.4290	45.1887	1.5083	341.9184
1860.0000	1.8822	3.2799	1.7092	1.8993	226.1544	2334.9229	-8.9316	43.4702	45.2309	1.5091	341.5696
1870.0000	1.7687	3.3923	1.7075	1.7856	226.2758	2335.6761	-8.6826	43.4941	45.2552	1.5095	341.0818
1880.0000	2.1010	3.2681	1.7060	2.1193	226.4301	2336.8902	-7.8749	43.5247	45.2860	1.5097	340.6668
1890.0000	2.0125	3.2439	1.7047	2.0302	226.5948	2337.4302	-8.4594	43.5567	45.3190	1.5105	340.2839
1900.0000	1.6083	3.4783	1.7030	1.6244	226.6976	2337.7086	-8.9368	43.5767	45.3395	1.5110	339.7993
1910.0000	1.6578	3.3585	1.7018	1.6740	226.9363	2338.5438	-9.6823	43.6232	45.3873	1.5121	339.4568
1920.0000	1.9408	3.2146	1.7001	1.9580	226.9982	2339.2035	-9.0259	43.6355	45.3996	1.5121	338.9704
1930.0000	1.6905	3.2753	1.6990	1.7066	227.0868	2339.0645	-10.1635	43.6525	45.4174	1.5128	338.6750
1940.0000	1.6871	3.3483	1.6977	1.7034	227.2737	2340.3534	-9.5285	43.6893	45.4547	1.5132	338.2961
1950.0000	1.3970	3.4954	1.6962	1.4119	227.3998	2340.5002	-10.4858	43.7137	45.4800	1.5140	337.8789
1960.0000	1.5622	3.4107	1.6946	1.5779	227.5672	2341.6772	-9.8728	43.7467	45.5134	1.5143	337.4155
1970.0000	1.2937	3.5095	1.6935	1.3080	227.5999	2341.0325	-11.4297	43.7525	45.5200	1.5150	337.0824
1980.0000	1.2759	3.4890	1.6921	1.2901	227.7996	2341.8110	-11.8971	43.7915	45.5599	1.5158	336.6937
1990.0000	1.2835	3.4918	1.6911	1.2977	227.9141	2342.4708	-11.7555	43.8140	45.5828	1.5162	336.3931
2000.0000	1.3243	3.5020	1.6901	1.3388	228.0330	2343.4058	-11.1289	43.8375	45.6066	1.5164	336.1217
2010.0000	1.2088	3.6033	1.6888	1.2225	228.1023	2343.7121	-11.2214	43.8511	45.6205	1.5166	335.7538
2020.0000	1.2178	3.5949	1.6879	1.2316	228.1833	2344.1322	-11.2097	43.8669	45.6367	1.5169	335.4913
2030.0000	1.3533	3.5580	1.6866	1.3707	228.3848	2345.7472	-10.0893	43.9068	45.6770	1.5173	335.0994
